   7
  14
   5000000
  10000000
  15000000
  20000000
  25000000
  30000000
  35000000
2.88150e+02
2.93150e+02
3.13150e+02
3.33150e+02
3.53150e+02
3.73150e+02
3.93150e+02
4.13150e+02
4.33150e+02
4.53150e+02
4.73150e+02
4.93150e+02
5.13150e+02
5.33150e+02
     68000
     73000
     77000
     82000
     87000
     91000
     96000
     89000
     93000
     98000
    103000
    107000
    112000
    116000
    172000
    176000
    181000
    185000
    190000
    194000
    198000
    255000
    260000
    264000
    268000
    272000
    276000
    280000
    339000
    343000
    347000
    351000
    355000
    359000
    363000
    423000
    427000
    430000
    434000
    438000
    442000
    446000
    507000
    511000
    514000
    518000
    521000
    525000
    529000
    592000
    595000
    599000
    602000
    605000
    609000
    612000
    678000
    681000
    684000
    687000
    690000
    693000
    696000
    765000
    768000
    770000
    773000
    776000
    779000
    781000
    854000
    856000
    858000
    860000
    863000
    865000
    867000
    944000
    946000
    947000
    949000
    951000
    953000
    955000
   1038000
   1038000
   1039000
   1040000
   1041000
   1043000
   1044000
   1135000
   1134000
   1134000
   1134000
   1134000
   1135000
   1135000
