     1      1     -1 0.0
   201      1     -1 0.0
   401      1     -1 0.0
   601      1     -1 0.0
   801      1     -1 0.0
  1001      1     -1 0.0
  1201      1     -1 0.0
  1401      1     -1 0.0
  1601      1     -1 0.0
  1801      1     -1 0.0
  2001      1     -1 0.0
  2201      1     -1 0.0
  2401      1     -1 0.0
  2601      1     -1 0.0
  2801      1     -1 0.0
  3001      1     -1 0.0
  3201      1     -1 0.0
  3401      1     -1 0.0
  3601      1     -1 0.0
  3801      1     -1 0.0
  4001      1     -1 0.0
  4201      1     -1 0.0
  4401      1     -1 0.0
  4601      1     -1 0.0
  4801      1     -1 0.0
  5001      1     -1 0.0
  5201      1     -1 0.0
  5401      1     -1 0.0
  5601      1     -1 0.0
  5801      1     -1 0.0
  6001      1     -1 0.0
  6201      1     -1 0.0
  6401      1     -1 0.0
  6601      1     -1 0.0
  6801      1     -1 0.0
  7001      1     -1 0.0
  7201      1     -1 0.0
  7401      1     -1 0.0
  7601      1     -1 0.0
  7801      1     -1 0.0
  8001      1     -1 0.0
  8201      1     -1 0.0
  8401      1     -1 0.0
  8601      1     -1 0.0
  8801      1     -1 0.0
  9001      1     -1 0.0
  9201      1     -1 0.0
  9401      1     -1 0.0
  9601      1     -1 0.0
  9801      1     -1 0.0
 10001      1     -1 0.0
 10201      1     -1 0.0
 10401      1     -1 0.0
 10601      1     -1 0.0
 10801      1     -1 0.0
 11001      1     -1 0.0
 11201      1     -1 0.0
 11401      1     -1 0.0
 11601      1     -1 0.0
 11801      1     -1 0.0
 12001      1     -1 0.0
 12201      1     -1 0.0
 12401      1     -1 0.0
 12601      1     -1 0.0
 12801      1     -1 0.0
 13001      1     -1 0.0
 13201      1     -1 0.0
 13401      1     -1 0.0
 13601      1     -1 0.0
 13801      1     -1 0.0
 14001      1     -1 0.0
 14201      1     -1 0.0
 14401      1     -1 0.0
 14601      1     -1 0.0
 14801      1     -1 0.0
 15001      1     -1 0.0
 15201      1     -1 0.0
 15401      1     -1 0.0
 15601      1     -1 0.0
 15801      1     -1 0.0
 16001      1     -1 0.0
 16201      1     -1 0.0
 16401      1     -1 0.0
 16601      1     -1 0.0
 16801      1     -1 0.0
 17001      1     -1 0.0
 17201      1     -1 0.0
 17401      1     -1 0.0
 17601      1     -1 0.0
 17801      1     -1 0.0
 18001      1     -1 0.0
 18201      1     -1 0.0
 18401      1     -1 0.0
 18601      1     -1 0.0
 18801      1     -1 0.0
 19001      1     -1 0.0
 19201      1     -1 0.0
 19401      1     -1 0.0
 19601      1     -1 0.0
 19801      1     -1 0.0
 20001      1     -1 0.0
 20201      1     -1 0.0
 20401      1     -1 0.0
 20601      1     -1 0.0
 20801      1     -1 0.0
 21001      1     -1 0.0
 21201      1     -1 0.0
 21401      1     -1 0.0
 21601      1     -1 0.0
 21801      1     -1 0.0
 22001      1     -1 0.0
 22201      1     -1 0.0
 22401      1     -1 0.0
 22601      1     -1 0.0
 22801      1     -1 0.0
 23001      1     -1 0.0
 23201      1     -1 0.0
 23401      1     -1 0.0
 23601      1     -1 0.0
 23801      1     -1 0.0
 24001      1     -1 0.0
 24201      1     -1 0.0
 24401      1     -1 0.0
 24601      1     -1 0.0
 24801      1     -1 0.0
   200      2      1 0.0
   400      2      1 0.0
   600      2      1 0.0
   800      2      1 0.0
  1000      2      1 0.0
  1200      2      1 0.0
  1400      2      1 0.0
  1600      2      1 0.0
  1800      2      1 0.0
  2000      2      1 0.0
  2200      2      1 0.0
  2400      2      1 0.0
  2600      2      1 0.0
  2800      2      1 0.0
  3000      2      1 0.0
  3200      2      1 0.0
  3400      2      1 0.0
  3600      2      1 0.0
  3800      2      1 0.0
  4000      2      1 0.0
  4200      2      1 0.0
  4400      2      1 0.0
  4600      2      1 0.0
  4800      2      1 0.0
  5000      2      1 0.0
  5200      2      1 0.0
  5400      2      1 0.0
  5600      2      1 0.0
  5800      2      1 0.0
  6000      2      1 0.0
  6200      2      1 0.0
  6400      2      1 0.0
  6600      2      1 0.0
  6800      2      1 0.0
  7000      2      1 0.0
  7200      2      1 0.0
  7400      2      1 0.0
  7600      2      1 0.0
  7800      2      1 0.0
  8000      2      1 0.0
  8200      2      1 0.0
  8400      2      1 0.0
  8600      2      1 0.0
  8800      2      1 0.0
  9000      2      1 0.0
  9200      2      1 0.0
  9400      2      1 0.0
  9600      2      1 0.0
  9800      2      1 0.0
 10000      2      1 0.0
 10200      2      1 0.0
 10400      2      1 0.0
 10600      2      1 0.0
 10800      2      1 0.0
 11000      2      1 0.0
 11200      2      1 0.0
 11400      2      1 0.0
 11600      2      1 0.0
 11800      2      1 0.0
 12000      2      1 0.0
 12200      2      1 0.0
 12400      2      1 0.0
 12600      2      1 0.0
 12800      2      1 0.0
 13000      2      1 0.0
 13200      2      1 0.0
 13400      2      1 0.0
 13600      2      1 0.0
 13800      2      1 0.0
 14000      2      1 0.0
 14200      2      1 0.0
 14400      2      1 0.0
 14600      2      1 0.0
 14800      2      1 0.0
 15000      2      1 0.0
 15200      2      1 0.0
 15400      2      1 0.0
 15600      2      1 0.0
 15800      2      1 0.0
 16000      2      1 0.0
 16200      2      1 0.0
 16400      2      1 0.0
 16600      2      1 0.0
 16800      2      1 0.0
 17000      2      1 0.0
 17200      2      1 0.0
 17400      2      1 0.0
 17600      2      1 0.0
 17800      2      1 0.0
 18000      2      1 0.0
 18200      2      1 0.0
 18400      2      1 0.0
 18600      2      1 0.0
 18800      2      1 0.0
 19000      2      1 0.0
 19200      2      1 0.0
 19400      2      1 0.0
 19600      2      1 0.0
 19800      2      1 0.0
 20000      2      1 0.0
 20200      2      1 0.0
 20400      2      1 0.0
 20600      2      1 0.0
 20800      2      1 0.0
 21000      2      1 0.0
 21200      2      1 0.0
 21400      2      1 0.0
 21600      2      1 0.0
 21800      2      1 0.0
 22000      2      1 0.0
 22200      2      1 0.0
 22400      2      1 0.0
 22600      2      1 0.0
 22800      2      1 0.0
 23000      2      1 0.0
 23200      2      1 0.0
 23400      2      1 0.0
 23600      2      1 0.0
 23800      2      1 0.0
 24000      2      1 0.0
 24200      2      1 0.0
 24400      2      1 0.0
 24600      2      1 0.0
 24800      2      1 0.0
 25000      2      1 0.0
     1      3     -1 0.0
     2      3     -1 0.0
     3      3     -1 0.0
     4      3     -1 0.0
     5      3     -1 0.0
     6      3     -1 0.0
     7      3     -1 0.0
     8      3     -1 0.0
     9      3     -1 0.0
    10      3     -1 0.0
    11      3     -1 0.0
    12      3     -1 0.0
    13      3     -1 0.0
    14      3     -1 0.0
    15      3     -1 0.0
    16      3     -1 0.0
    17      3     -1 0.0
    18      3     -1 0.0
    19      3     -1 0.0
    20      3     -1 0.0
    21      3     -1 0.0
    22      3     -1 0.0
    23      3     -1 0.0
    24      3     -1 0.0
    25      3     -1 0.0
    26      3     -1 0.0
    27      3     -1 0.0
    28      3     -1 0.0
    29      3     -1 0.0
    30      3     -1 0.0
    31      3     -1 0.0
    32      3     -1 0.0
    33      3     -1 0.0
    34      3     -1 0.0
    35      3     -1 0.0
    36      3     -1 0.0
    37      3     -1 0.0
    38      3     -1 0.0
    39      3     -1 0.0
    40      3     -1 0.0
    41      3     -1 0.0
    42      3     -1 0.0
    43      3     -1 0.0
    44      3     -1 0.0
    45      3     -1 0.0
    46      3     -1 0.0
    47      3     -1 0.0
    48      3     -1 0.0
    49      3     -1 0.0
    50      3     -1 0.0
    51      3     -1 0.0
    52      3     -1 0.0
    53      3     -1 0.0
    54      3     -1 0.0
    55      3     -1 0.0
    56      3     -1 0.0
    57      3     -1 0.0
    58      3     -1 0.0
    59      3     -1 0.0
    60      3     -1 0.0
    61      3     -1 0.0
    62      3     -1 0.0
    63      3     -1 0.0
    64      3     -1 0.0
    65      3     -1 0.0
    66      3     -1 0.0
    67      3     -1 0.0
    68      3     -1 0.0
    69      3     -1 0.0
    70      3     -1 0.0
    71      3     -1 0.0
    72      3     -1 0.0
    73      3     -1 0.0
    74      3     -1 0.0
    75      3     -1 0.0
    76      3     -1 0.0
    77      3     -1 0.0
    78      3     -1 0.0
    79      3     -1 0.0
    80      3     -1 0.0
    81      3     -1 0.0
    82      3     -1 0.0
    83      3     -1 0.0
    84      3     -1 0.0
    85      3     -1 0.0
    86      3     -1 0.0
    87      3     -1 0.0
    88      3     -1 0.0
    89      3     -1 0.0
    90      3     -1 0.0
    91      3     -1 0.0
    92      3     -1 0.0
    93      3     -1 0.0
    94      3     -1 0.0
    95      3     -1 0.0
    96      3     -1 0.0
    97      3     -1 0.0
    98      3     -1 0.0
    99      3     -1 0.0
   100      3     -1 0.0
   101      3     -1 0.0
   102      3     -1 0.0
   103      3     -1 0.0
   104      3     -1 0.0
   105      3     -1 0.0
   106      3     -1 0.0
   107      3     -1 0.0
   108      3     -1 0.0
   109      3     -1 0.0
   110      3     -1 0.0
   111      3     -1 0.0
   112      3     -1 0.0
   113      3     -1 0.0
   114      3     -1 0.0
   115      3     -1 0.0
   116      3     -1 0.0
   117      3     -1 0.0
   118      3     -1 0.0
   119      3     -1 0.0
   120      3     -1 0.0
   121      3     -1 0.0
   122      3     -1 0.0
   123      3     -1 0.0
   124      3     -1 0.0
   125      3     -1 0.0
   126      3     -1 0.0
   127      3     -1 0.0
   128      3     -1 0.0
   129      3     -1 0.0
   130      3     -1 0.0
   131      3     -1 0.0
   132      3     -1 0.0
   133      3     -1 0.0
   134      3     -1 0.0
   135      3     -1 0.0
   136      3     -1 0.0
   137      3     -1 0.0
   138      3     -1 0.0
   139      3     -1 0.0
   140      3     -1 0.0
   141      3     -1 0.0
   142      3     -1 0.0
   143      3     -1 0.0
   144      3     -1 0.0
   145      3     -1 0.0
   146      3     -1 0.0
   147      3     -1 0.0
   148      3     -1 0.0
   149      3     -1 0.0
   150      3     -1 0.0
   151      3     -1 0.0
   152      3     -1 0.0
   153      3     -1 0.0
   154      3     -1 0.0
   155      3     -1 0.0
   156      3     -1 0.0
   157      3     -1 0.0
   158      3     -1 0.0
   159      3     -1 0.0
   160      3     -1 0.0
   161      3     -1 0.0
   162      3     -1 0.0
   163      3     -1 0.0
   164      3     -1 0.0
   165      3     -1 0.0
   166      3     -1 0.0
   167      3     -1 0.0
   168      3     -1 0.0
   169      3     -1 0.0
   170      3     -1 0.0
   171      3     -1 0.0
   172      3     -1 0.0
   173      3     -1 0.0
   174      3     -1 0.0
   175      3     -1 0.0
   176      3     -1 0.0
   177      3     -1 0.0
   178      3     -1 0.0
   179      3     -1 0.0
   180      3     -1 0.0
   181      3     -1 0.0
   182      3     -1 0.0
   183      3     -1 0.0
   184      3     -1 0.0
   185      3     -1 0.0
   186      3     -1 0.0
   187      3     -1 0.0
   188      3     -1 0.0
   189      3     -1 0.0
   190      3     -1 0.0
   191      3     -1 0.0
   192      3     -1 0.0
   193      3     -1 0.0
   194      3     -1 0.0
   195      3     -1 0.0
   196      3     -1 0.0
   197      3     -1 0.0
   198      3     -1 0.0
   199      3     -1 0.0
   200      3     -1 0.0
 24801      4      1 0.0
 24802      4      1 0.0
 24803      4      1 0.0
 24804      4      1 0.0
 24805      4      1 0.0
 24806      4      1 0.0
 24807      4      1 0.0
 24808      4      1 0.0
 24809      4      1 0.0
 24810      4      1 0.0
 24811      4      1 0.0
 24812      4      1 0.0
 24813      4      1 0.0
 24814      4      1 0.0
 24815      4      1 0.0
 24816      4      1 0.0
 24817      4      1 0.0
 24818      4      1 0.0
 24819      4      1 0.0
 24820      4      1 0.0
 24821      4      1 0.0
 24822      4      1 0.0
 24823      4      1 0.0
 24824      4      1 0.0
 24825      4      1 0.0
 24826      4      1 0.0
 24827      4      1 0.0
 24828      4      1 0.0
 24829      4      1 0.0
 24830      4      1 0.0
 24831      4      1 0.0
 24832      4      1 0.0
 24833      4      1 0.0
 24834      4      1 0.0
 24835      4      1 0.0
 24836      4      1 0.0
 24837      4      1 0.0
 24838      4      1 0.0
 24839      4      1 0.0
 24840      4      1 0.0
 24841      4      1 0.0
 24842      4      1 0.0
 24843      4      1 0.0
 24844      4      1 0.0
 24845      4      1 0.0
 24846      4      1 0.0
 24847      4      1 0.0
 24848      4      1 0.0
 24849      4      1 0.0
 24850      4      1 0.0
 24851      4      1 0.0
 24852      4      1 0.0
 24853      4      1 0.0
 24854      4      1 0.0
 24855      4      1 0.0
 24856      4      1 0.0
 24857      4      1 0.0
 24858      4      1 0.0
 24859      4      1 0.0
 24860      4      1 0.0
 24861      4      1 0.0
 24862      4      1 0.0
 24863      4      1 0.0
 24864      4      1 0.0
 24865      4      1 0.0
 24866      4      1 0.0
 24867      4      1 0.0
 24868      4      1 0.0
 24869      4      1 0.0
 24870      4      1 0.0
 24871      4      1 0.0
 24872      4      1 0.0
 24873      4      1 0.0
 24874      4      1 0.0
 24875      4      1 0.0
 24876      4      1 0.0
 24877      4      1 0.0
 24878      4      1 0.0
 24879      4      1 0.0
 24880      4      1 0.0
 24881      4      1 0.0
 24882      4      1 0.0
 24883      4      1 0.0
 24884      4      1 0.0
 24885      4      1 0.0
 24886      4      1 0.0
 24887      4      1 0.0
 24888      4      1 0.0
 24889      4      1 0.0
 24890      4      1 0.0
 24891      4      1 0.0
 24892      4      1 0.0
 24893      4      1 0.0
 24894      4      1 0.0
 24895      4      1 0.0
 24896      4      1 0.0
 24897      4      1 0.0
 24898      4      1 0.0
 24899      4      1 0.0
 24900      4      1 0.0
 24901      4      1 0.0
 24902      4      1 0.0
 24903      4      1 0.0
 24904      4      1 0.0
 24905      4      1 0.0
 24906      4      1 0.0
 24907      4      1 0.0
 24908      4      1 0.0
 24909      4      1 0.0
 24910      4      1 0.0
 24911      4      1 0.0
 24912      4      1 0.0
 24913      4      1 0.0
 24914      4      1 0.0
 24915      4      1 0.0
 24916      4      1 0.0
 24917      4      1 0.0
 24918      4      1 0.0
 24919      4      1 0.0
 24920      4      1 0.0
 24921      4      1 0.0
 24922      4      1 0.0
 24923      4      1 0.0
 24924      4      1 0.0
 24925      4      1 0.0
 24926      4      1 0.0
 24927      4      1 0.0
 24928      4      1 0.0
 24929      4      1 0.0
 24930      4      1 0.0
 24931      4      1 0.0
 24932      4      1 0.0
 24933      4      1 0.0
 24934      4      1 0.0
 24935      4      1 0.0
 24936      4      1 0.0
 24937      4      1 0.0
 24938      4      1 0.0
 24939      4      1 0.0
 24940      4      1 0.0
 24941      4      1 0.0
 24942      4      1 0.0
 24943      4      1 0.0
 24944      4      1 0.0
 24945      4      1 0.0
 24946      4      1 0.0
 24947      4      1 0.0
 24948      4      1 0.0
 24949      4      1 0.0
 24950      4      1 0.0
 24951      4      1 0.0
 24952      4      1 0.0
 24953      4      1 0.0
 24954      4      1 0.0
 24955      4      1 0.0
 24956      4      1 0.0
 24957      4      1 0.0
 24958      4      1 0.0
 24959      4      1 0.0
 24960      4      1 0.0
 24961      4      1 0.0
 24962      4      1 0.0
 24963      4      1 0.0
 24964      4      1 0.0
 24965      4      1 0.0
 24966      4      1 0.0
 24967      4      1 0.0
 24968      4      1 0.0
 24969      4      1 0.0
 24970      4      1 0.0
 24971      4      1 0.0
 24972      4      1 0.0
 24973      4      1 0.0
 24974      4      1 0.0
 24975      4      1 0.0
 24976      4      1 0.0
 24977      4      1 0.0
 24978      4      1 0.0
 24979      4      1 0.0
 24980      4      1 0.0
 24981      4      1 0.0
 24982      4      1 0.0
 24983      4      1 0.0
 24984      4      1 0.0
 24985      4      1 0.0
 24986      4      1 0.0
 24987      4      1 0.0
 24988      4      1 0.0
 24989      4      1 0.0
 24990      4      1 0.0
 24991      4      1 0.0
 24992      4      1 0.0
 24993      4      1 0.0
 24994      4      1 0.0
 24995      4      1 0.0
 24996      4      1 0.0
 24997      4      1 0.0
 24998      4      1 0.0
 24999      4      1 0.0
 25000      4      1 0.0
