     1      1     -1 -9.07477e+02
   201      1     -1 -9.05159e+02
   401      1     -1 -8.97944e+02
   601      1     -1 -9.03304e+02
   801      1     -1 -8.99027e+02
  1001      1     -1 -8.93665e+02
  1201      1     -1 -8.91481e+02
  1401      1     -1 -8.88811e+02
  1601      1     -1 -8.81301e+02
  1801      1     -1 -8.84476e+02
  2001      1     -1 -8.79972e+02
  2201      1     -1 -8.79231e+02
  2401      1     -1 -8.82147e+02
  2601      1     -1 -8.85100e+02
  2801      1     -1 -8.85774e+02
  3001      1     -1 -8.88594e+02
  3201      1     -1 -8.86964e+02
  3401      1     -1 -8.89471e+02
  3601      1     -1 -8.89336e+02
  3801      1     -1 -8.93132e+02
  4001      1     -1 -8.93035e+02
  4201      1     -1 -8.91766e+02
  4401      1     -1 -8.91782e+02
  4601      1     -1 -8.95819e+02
  4801      1     -1 -8.96259e+02
  5001      1     -1 -8.95406e+02
  5201      1     -1 -8.92243e+02
  5401      1     -1 -8.94062e+02
  5601      1     -1 -8.96966e+02
  5801      1     -1 -8.97719e+02
  6001      1     -1 -9.05625e+02
  6201      1     -1 -9.10070e+02
  6401      1     -1 -9.02640e+02
  6601      1     -1 -9.01498e+02
  6801      1     -1 -9.01668e+02
  7001      1     -1 -8.97897e+02
  7201      1     -1 -8.98401e+02
  7401      1     -1 -9.06471e+02
  7601      1     -1 -9.07100e+02
  7801      1     -1 -9.10041e+02
  8001      1     -1 -9.06542e+02
  8201      1     -1 -9.06613e+02
  8401      1     -1 -9.01423e+02
  8601      1     -1 -8.98800e+02
  8801      1     -1 -8.97695e+02
  9001      1     -1 -8.98019e+02
  9201      1     -1 -8.98094e+02
  9401      1     -1 -8.92615e+02
  9601      1     -1 -8.87100e+02
  9801      1     -1 -8.86804e+02
 10001      1     -1 -8.92040e+02
 10201      1     -1 -8.91874e+02
 10401      1     -1 -8.97411e+02
 10601      1     -1 -8.98115e+02
 10801      1     -1 -8.95181e+02
 11001      1     -1 -8.96697e+02
 11201      1     -1 -8.94101e+02
 11401      1     -1 -8.94893e+02
 11601      1     -1 -8.94786e+02
 11801      1     -1 -8.96056e+02
 12001      1     -1 -9.01049e+02
 12201      1     -1 -8.97276e+02
 12401      1     -1 -8.99175e+02
 12601      1     -1 -8.95748e+02
 12801      1     -1 -8.94294e+02
 13001      1     -1 -8.93699e+02
 13201      1     -1 -8.91669e+02
 13401      1     -1 -8.98911e+02
 13601      1     -1 -8.91091e+02
 13801      1     -1 -8.89664e+02
 14001      1     -1 -8.85982e+02
 14201      1     -1 -8.87872e+02
 14401      1     -1 -8.84211e+02
 14601      1     -1 -8.88089e+02
 14801      1     -1 -8.88137e+02
 15001      1     -1 -8.92602e+02
 15201      1     -1 -8.89419e+02
 15401      1     -1 -8.90652e+02
 15601      1     -1 -8.90651e+02
 15801      1     -1 -8.92390e+02
 16001      1     -1 -8.90336e+02
 16201      1     -1 -8.88826e+02
 16401      1     -1 -8.86024e+02
 16601      1     -1 -8.83981e+02
 16801      1     -1 -8.79088e+02
 17001      1     -1 -8.77264e+02
 17201      1     -1 -8.75599e+02
 17401      1     -1 -8.79346e+02
 17601      1     -1 -8.80025e+02
 17801      1     -1 -8.78887e+02
 18001      1     -1 -8.84500e+02
 18201      1     -1 -8.80658e+02
 18401      1     -1 -8.84207e+02
 18601      1     -1 -8.90355e+02
 18801      1     -1 -8.89078e+02
 19001      1     -1 -8.83450e+02
 19201      1     -1 -8.84149e+02
 19401      1     -1 -8.83500e+02
 19601      1     -1 -8.78683e+02
 19801      1     -1 -8.69037e+02
 20001      1     -1 -8.72762e+02
 20201      1     -1 -8.71858e+02
 20401      1     -1 -8.73034e+02
 20601      1     -1 -8.64028e+02
 20801      1     -1 -8.65138e+02
 21001      1     -1 -8.62280e+02
 21201      1     -1 -8.66179e+02
 21401      1     -1 -8.61823e+02
 21601      1     -1 -8.64613e+02
 21801      1     -1 -8.61666e+02
 22001      1     -1 -8.65154e+02
 22201      1     -1 -8.61254e+02
 22401      1     -1 -8.62250e+02
 22601      1     -1 -8.66096e+02
 22801      1     -1 -8.62176e+02
 23001      1     -1 -8.61451e+02
 23201      1     -1 -8.63164e+02
 23401      1     -1 -8.54973e+02
 23601      1     -1 -8.55602e+02
 23801      1     -1 -8.53805e+02
 24001      1     -1 -8.51363e+02
 24201      1     -1 -8.57057e+02
 24401      1     -1 -8.54957e+02
 24601      1     -1 -8.65986e+02
 24801      1     -1 -8.68554e+02
   200      2      1 -5.64451e+02
   400      2      1 -5.63717e+02
   600      2      1 -5.65940e+02
   800      2      1 -5.53272e+02
  1000      2      1 -5.57781e+02
  1200      2      1 -5.51077e+02
  1400      2      1 -5.41136e+02
  1600      2      1 -5.31150e+02
  1800      2      1 -5.28498e+02
  2000      2      1 -5.30061e+02
  2200      2      1 -5.31779e+02
  2400      2      1 -5.34656e+02
  2600      2      1 -5.33904e+02
  2800      2      1 -5.35940e+02
  3000      2      1 -5.34798e+02
  3200      2      1 -5.39977e+02
  3400      2      1 -5.40510e+02
  3600      2      1 -5.39947e+02
  3800      2      1 -5.43725e+02
  4000      2      1 -5.44415e+02
  4200      2      1 -5.43606e+02
  4400      2      1 -5.44379e+02
  4600      2      1 -5.47763e+02
  4800      2      1 -5.44801e+02
  5000      2      1 -5.41446e+02
  5200      2      1 -5.33613e+02
  5400      2      1 -5.32625e+02
  5600      2      1 -5.31737e+02
  5800      2      1 -5.33960e+02
  6000      2      1 -5.42374e+02
  6200      2      1 -5.38499e+02
  6400      2      1 -5.40561e+02
  6600      2      1 -5.48214e+02
  6800      2      1 -5.57613e+02
  7000      2      1 -5.52508e+02
  7200      2      1 -5.55068e+02
  7400      2      1 -5.58132e+02
  7600      2      1 -5.56052e+02
  7800      2      1 -5.53798e+02
  8000      2      1 -5.53311e+02
  8200      2      1 -5.57095e+02
  8400      2      1 -5.57019e+02
  8600      2      1 -5.53378e+02
  8800      2      1 -5.60705e+02
  9000      2      1 -5.62126e+02
  9200      2      1 -5.62150e+02
  9400      2      1 -5.60147e+02
  9600      2      1 -5.56345e+02
  9800      2      1 -5.59332e+02
 10000      2      1 -5.58750e+02
 10200      2      1 -5.62021e+02
 10400      2      1 -5.65861e+02
 10600      2      1 -5.64663e+02
 10800      2      1 -5.69290e+02
 11000      2      1 -5.74781e+02
 11200      2      1 -5.73717e+02
 11400      2      1 -5.72342e+02
 11600      2      1 -5.73316e+02
 11800      2      1 -5.77219e+02
 12000      2      1 -5.71971e+02
 12200      2      1 -5.71054e+02
 12400      2      1 -5.68503e+02
 12600      2      1 -5.75701e+02
 12800      2      1 -5.73056e+02
 13000      2      1 -5.76260e+02
 13200      2      1 -5.76522e+02
 13400      2      1 -5.74782e+02
 13600      2      1 -5.77470e+02
 13800      2      1 -5.77768e+02
 14000      2      1 -5.78573e+02
 14200      2      1 -5.79141e+02
 14400      2      1 -5.76548e+02
 14600      2      1 -5.75480e+02
 14800      2      1 -5.79649e+02
 15000      2      1 -5.80795e+02
 15200      2      1 -5.79426e+02
 15400      2      1 -5.76373e+02
 15600      2      1 -5.73014e+02
 15800      2      1 -5.74328e+02
 16000      2      1 -5.76078e+02
 16200      2      1 -5.73899e+02
 16400      2      1 -5.73580e+02
 16600      2      1 -5.77640e+02
 16800      2      1 -5.80659e+02
 17000      2      1 -5.76172e+02
 17200      2      1 -5.68042e+02
 17400      2      1 -5.68495e+02
 17600      2      1 -5.75079e+02
 17800      2      1 -5.76110e+02
 18000      2      1 -5.80395e+02
 18200      2      1 -5.79575e+02
 18400      2      1 -5.80214e+02
 18600      2      1 -5.81090e+02
 18800      2      1 -5.85604e+02
 19000      2      1 -5.83315e+02
 19200      2      1 -5.82101e+02
 19400      2      1 -5.86423e+02
 19600      2      1 -5.85882e+02
 19800      2      1 -5.88910e+02
 20000      2      1 -5.89601e+02
 20200      2      1 -5.93128e+02
 20400      2      1 -5.90349e+02
 20600      2      1 -5.84121e+02
 20800      2      1 -5.81210e+02
 21000      2      1 -5.80458e+02
 21200      2      1 -5.82455e+02
 21400      2      1 -5.86738e+02
 21600      2      1 -5.92252e+02
 21800      2      1 -5.93652e+02
 22000      2      1 -5.96765e+02
 22200      2      1 -5.98520e+02
 22400      2      1 -5.97232e+02
 22600      2      1 -5.93412e+02
 22800      2      1 -5.92304e+02
 23000      2      1 -5.95213e+02
 23200      2      1 -5.98502e+02
 23400      2      1 -5.99055e+02
 23600      2      1 -5.95273e+02
 23800      2      1 -5.94114e+02
 24000      2      1 -5.98374e+02
 24200      2      1 -6.00866e+02
 24400      2      1 -6.00761e+02
 24600      2      1 -6.03318e+02
 24800      2      1 -6.07968e+02
 25000      2      1 -6.05445e+02
     1      3     -1 -9.07477e+02
     2      3     -1 -9.03463e+02
     3      3     -1 -8.98822e+02
     4      3     -1 -8.93712e+02
     5      3     -1 -8.90447e+02
     6      3     -1 -8.88501e+02
     7      3     -1 -8.80493e+02
     8      3     -1 -8.79514e+02
     9      3     -1 -8.73556e+02
    10      3     -1 -8.75891e+02
    11      3     -1 -8.73107e+02
    12      3     -1 -8.75191e+02
    13      3     -1 -8.81349e+02
    14      3     -1 -8.80360e+02
    15      3     -1 -8.82274e+02
    16      3     -1 -8.84595e+02
    17      3     -1 -8.82348e+02
    18      3     -1 -8.88399e+02
    19      3     -1 -8.79460e+02
    20      3     -1 -8.85275e+02
    21      3     -1 -8.78767e+02
    22      3     -1 -8.76148e+02
    23      3     -1 -8.74385e+02
    24      3     -1 -8.84669e+02
    25      3     -1 -8.83796e+02
    26      3     -1 -8.78614e+02
    27      3     -1 -8.68957e+02
    28      3     -1 -8.63749e+02
    29      3     -1 -8.64852e+02
    30      3     -1 -8.55806e+02
    31      3     -1 -8.57881e+02
    32      3     -1 -8.54265e+02
    33      3     -1 -8.51835e+02
    34      3     -1 -8.52559e+02
    35      3     -1 -8.51290e+02
    36      3     -1 -8.49042e+02
    37      3     -1 -8.49881e+02
    38      3     -1 -8.48782e+02
    39      3     -1 -8.54457e+02
    40      3     -1 -8.45028e+02
    41      3     -1 -8.36725e+02
    42      3     -1 -8.34949e+02
    43      3     -1 -8.30422e+02
    44      3     -1 -8.25210e+02
    45      3     -1 -8.18149e+02
    46      3     -1 -8.25420e+02
    47      3     -1 -8.25320e+02
    48      3     -1 -8.30578e+02
    49      3     -1 -8.21257e+02
    50      3     -1 -8.27379e+02
    51      3     -1 -8.28950e+02
    52      3     -1 -8.23548e+02
    53      3     -1 -8.16919e+02
    54      3     -1 -8.11772e+02
    55      3     -1 -8.05779e+02
    56      3     -1 -8.00883e+02
    57      3     -1 -7.95540e+02
    58      3     -1 -7.88330e+02
    59      3     -1 -7.81827e+02
    60      3     -1 -7.82785e+02
    61      3     -1 -7.72098e+02
    62      3     -1 -7.68436e+02
    63      3     -1 -7.67564e+02
    64      3     -1 -7.65229e+02
    65      3     -1 -7.64110e+02
    66      3     -1 -7.60501e+02
    67      3     -1 -7.70998e+02
    68      3     -1 -7.67721e+02
    69      3     -1 -7.70024e+02
    70      3     -1 -7.68563e+02
    71      3     -1 -7.65807e+02
    72      3     -1 -7.63677e+02
    73      3     -1 -7.62582e+02
    74      3     -1 -7.58255e+02
    75      3     -1 -7.58536e+02
    76      3     -1 -7.55128e+02
    77      3     -1 -7.60097e+02
    78      3     -1 -7.59214e+02
    79      3     -1 -7.59235e+02
    80      3     -1 -7.60369e+02
    81      3     -1 -7.58859e+02
    82      3     -1 -7.52677e+02
    83      3     -1 -7.52062e+02
    84      3     -1 -7.47065e+02
    85      3     -1 -7.39008e+02
    86      3     -1 -7.37210e+02
    87      3     -1 -7.34377e+02
    88      3     -1 -7.25013e+02
    89      3     -1 -7.23150e+02
    90      3     -1 -7.27072e+02
    91      3     -1 -7.26083e+02
    92      3     -1 -7.30194e+02
    93      3     -1 -7.24690e+02
    94      3     -1 -7.18623e+02
    95      3     -1 -7.19391e+02
    96      3     -1 -7.16031e+02
    97      3     -1 -7.18601e+02
    98      3     -1 -7.25647e+02
    99      3     -1 -7.16253e+02
   100      3     -1 -7.15364e+02
   101      3     -1 -7.08955e+02
   102      3     -1 -7.15491e+02
   103      3     -1 -7.11405e+02
   104      3     -1 -7.12629e+02
   105      3     -1 -7.16378e+02
   106      3     -1 -7.19103e+02
   107      3     -1 -7.19558e+02
   108      3     -1 -7.16320e+02
   109      3     -1 -7.16246e+02
   110      3     -1 -7.08339e+02
   111      3     -1 -7.16193e+02
   112      3     -1 -7.20171e+02
   113      3     -1 -7.10150e+02
   114      3     -1 -7.06387e+02
   115      3     -1 -7.09274e+02
   116      3     -1 -7.20248e+02
   117      3     -1 -7.17338e+02
   118      3     -1 -7.16523e+02
   119      3     -1 -7.14934e+02
   120      3     -1 -7.14323e+02
   121      3     -1 -7.24290e+02
   122      3     -1 -7.09361e+02
   123      3     -1 -7.08570e+02
   124      3     -1 -7.07983e+02
   125      3     -1 -7.15278e+02
   126      3     -1 -7.12165e+02
   127      3     -1 -7.13728e+02
   128      3     -1 -7.05460e+02
   129      3     -1 -7.11018e+02
   130      3     -1 -7.06678e+02
   131      3     -1 -7.11342e+02
   132      3     -1 -7.08794e+02
   133      3     -1 -7.11630e+02
   134      3     -1 -7.04649e+02
   135      3     -1 -6.95544e+02
   136      3     -1 -6.83808e+02
   137      3     -1 -6.83016e+02
   138      3     -1 -6.77064e+02
   139      3     -1 -6.79109e+02
   140      3     -1 -6.66449e+02
   141      3     -1 -6.67594e+02
   142      3     -1 -6.80570e+02
   143      3     -1 -6.72149e+02
   144      3     -1 -6.65979e+02
   145      3     -1 -6.62906e+02
   146      3     -1 -6.56260e+02
   147      3     -1 -6.56327e+02
   148      3     -1 -6.51264e+02
   149      3     -1 -6.53486e+02
   150      3     -1 -6.38954e+02
   151      3     -1 -6.37984e+02
   152      3     -1 -6.32784e+02
   153      3     -1 -6.21512e+02
   154      3     -1 -6.19913e+02
   155      3     -1 -6.31058e+02
   156      3     -1 -6.20447e+02
   157      3     -1 -6.23999e+02
   158      3     -1 -6.21642e+02
   159      3     -1 -6.23137e+02
   160      3     -1 -6.21330e+02
   161      3     -1 -6.18374e+02
   162      3     -1 -6.12190e+02
   163      3     -1 -6.19541e+02
   164      3     -1 -6.10764e+02
   165      3     -1 -6.16254e+02
   166      3     -1 -6.09175e+02
   167      3     -1 -6.13295e+02
   168      3     -1 -6.07507e+02
   169      3     -1 -6.10457e+02
   170      3     -1 -6.08050e+02
   171      3     -1 -6.00814e+02
   172      3     -1 -5.96211e+02
   173      3     -1 -5.98294e+02
   174      3     -1 -5.94866e+02
   175      3     -1 -6.05075e+02
   176      3     -1 -6.03334e+02
   177      3     -1 -6.01096e+02
   178      3     -1 -5.95625e+02
   179      3     -1 -5.93003e+02
   180      3     -1 -5.86520e+02
   181      3     -1 -5.84849e+02
   182      3     -1 -5.86639e+02
   183      3     -1 -5.79579e+02
   184      3     -1 -5.80361e+02
   185      3     -1 -5.74597e+02
   186      3     -1 -5.75978e+02
   187      3     -1 -5.77846e+02
   188      3     -1 -5.65186e+02
   189      3     -1 -5.59056e+02
   190      3     -1 -5.63190e+02
   191      3     -1 -5.57383e+02
   192      3     -1 -5.63631e+02
   193      3     -1 -5.60871e+02
   194      3     -1 -5.61752e+02
   195      3     -1 -5.53812e+02
   196      3     -1 -5.48103e+02
   197      3     -1 -5.56045e+02
   198      3     -1 -5.59691e+02
   199      3     -1 -5.58565e+02
   200      3     -1 -5.64451e+02
 24801      4      1 -8.68554e+02
 24802      4      1 -8.53001e+02
 24803      4      1 -8.44829e+02
 24804      4      1 -8.47924e+02
 24805      4      1 -8.57736e+02
 24806      4      1 -8.60047e+02
 24807      4      1 -8.61736e+02
 24808      4      1 -8.66861e+02
 24809      4      1 -8.79133e+02
 24810      4      1 -8.84462e+02
 24811      4      1 -8.92679e+02
 24812      4      1 -8.91951e+02
 24813      4      1 -8.94002e+02
 24814      4      1 -8.93924e+02
 24815      4      1 -8.94822e+02
 24816      4      1 -8.97170e+02
 24817      4      1 -8.92856e+02
 24818      4      1 -8.95812e+02
 24819      4      1 -8.88884e+02
 24820      4      1 -8.88284e+02
 24821      4      1 -8.79559e+02
 24822      4      1 -8.83984e+02
 24823      4      1 -8.74010e+02
 24824      4      1 -8.65518e+02
 24825      4      1 -8.58734e+02
 24826      4      1 -8.50982e+02
 24827      4      1 -8.50805e+02
 24828      4      1 -8.47614e+02
 24829      4      1 -8.40301e+02
 24830      4      1 -8.33292e+02
 24831      4      1 -8.38368e+02
 24832      4      1 -8.24394e+02
 24833      4      1 -8.17206e+02
 24834      4      1 -8.15764e+02
 24835      4      1 -8.15431e+02
 24836      4      1 -8.21772e+02
 24837      4      1 -8.17978e+02
 24838      4      1 -8.12290e+02
 24839      4      1 -8.14557e+02
 24840      4      1 -8.14738e+02
 24841      4      1 -8.18235e+02
 24842      4      1 -8.12258e+02
 24843      4      1 -8.15055e+02
 24844      4      1 -8.16024e+02
 24845      4      1 -8.19917e+02
 24846      4      1 -8.16344e+02
 24847      4      1 -8.22235e+02
 24848      4      1 -8.18076e+02
 24849      4      1 -8.15690e+02
 24850      4      1 -8.17198e+02
 24851      4      1 -8.19543e+02
 24852      4      1 -8.25071e+02
 24853      4      1 -8.18453e+02
 24854      4      1 -8.20460e+02
 24855      4      1 -8.23246e+02
 24856      4      1 -8.23801e+02
 24857      4      1 -8.21567e+02
 24858      4      1 -8.18010e+02
 24859      4      1 -8.08917e+02
 24860      4      1 -8.02586e+02
 24861      4      1 -7.98702e+02
 24862      4      1 -7.93351e+02
 24863      4      1 -7.89436e+02
 24864      4      1 -7.89836e+02
 24865      4      1 -7.80257e+02
 24866      4      1 -7.71833e+02
 24867      4      1 -7.76987e+02
 24868      4      1 -7.71643e+02
 24869      4      1 -7.74980e+02
 24870      4      1 -7.66550e+02
 24871      4      1 -7.55039e+02
 24872      4      1 -7.58669e+02
 24873      4      1 -7.60924e+02
 24874      4      1 -7.64378e+02
 24875      4      1 -7.62329e+02
 24876      4      1 -7.58189e+02
 24877      4      1 -7.60776e+02
 24878      4      1 -7.56078e+02
 24879      4      1 -7.54064e+02
 24880      4      1 -7.62302e+02
 24881      4      1 -7.64136e+02
 24882      4      1 -7.66427e+02
 24883      4      1 -7.54377e+02
 24884      4      1 -7.56411e+02
 24885      4      1 -7.53053e+02
 24886      4      1 -7.56912e+02
 24887      4      1 -7.52468e+02
 24888      4      1 -7.53924e+02
 24889      4      1 -7.44137e+02
 24890      4      1 -7.43301e+02
 24891      4      1 -7.36504e+02
 24892      4      1 -7.28939e+02
 24893      4      1 -7.33017e+02
 24894      4      1 -7.33181e+02
 24895      4      1 -7.29642e+02
 24896      4      1 -7.35979e+02
 24897      4      1 -7.31747e+02
 24898      4      1 -7.32579e+02
 24899      4      1 -7.36891e+02
 24900      4      1 -7.32927e+02
 24901      4      1 -7.29452e+02
 24902      4      1 -7.28932e+02
 24903      4      1 -7.14393e+02
 24904      4      1 -7.15869e+02
 24905      4      1 -7.13203e+02
 24906      4      1 -7.09544e+02
 24907      4      1 -7.04421e+02
 24908      4      1 -7.05644e+02
 24909      4      1 -7.03469e+02
 24910      4      1 -7.01921e+02
 24911      4      1 -6.96096e+02
 24912      4      1 -6.97331e+02
 24913      4      1 -6.93559e+02
 24914      4      1 -6.94355e+02
 24915      4      1 -6.98694e+02
 24916      4      1 -6.95061e+02
 24917      4      1 -7.04328e+02
 24918      4      1 -7.03686e+02
 24919      4      1 -7.05191e+02
 24920      4      1 -7.12208e+02
 24921      4      1 -7.15533e+02
 24922      4      1 -7.21425e+02
 24923      4      1 -7.20238e+02
 24924      4      1 -7.25329e+02
 24925      4      1 -7.18768e+02
 24926      4      1 -7.22002e+02
 24927      4      1 -7.21394e+02
 24928      4      1 -7.27592e+02
 24929      4      1 -7.17910e+02
 24930      4      1 -7.13907e+02
 24931      4      1 -7.11706e+02
 24932      4      1 -7.02320e+02
 24933      4      1 -6.91463e+02
 24934      4      1 -6.97863e+02
 24935      4      1 -6.90976e+02
 24936      4      1 -6.89477e+02
 24937      4      1 -6.86294e+02
 24938      4      1 -6.79915e+02
 24939      4      1 -6.81389e+02
 24940      4      1 -6.83595e+02
 24941      4      1 -6.77485e+02
 24942      4      1 -6.73546e+02
 24943      4      1 -6.74519e+02
 24944      4      1 -6.74135e+02
 24945      4      1 -6.76721e+02
 24946      4      1 -6.70834e+02
 24947      4      1 -6.66271e+02
 24948      4      1 -6.69657e+02
 24949      4      1 -6.68682e+02
 24950      4      1 -6.74032e+02
 24951      4      1 -6.71265e+02
 24952      4      1 -6.76451e+02
 24953      4      1 -6.75983e+02
 24954      4      1 -6.71972e+02
 24955      4      1 -6.68759e+02
 24956      4      1 -6.67749e+02
 24957      4      1 -6.57259e+02
 24958      4      1 -6.54983e+02
 24959      4      1 -6.56448e+02
 24960      4      1 -6.57327e+02
 24961      4      1 -6.56020e+02
 24962      4      1 -6.53314e+02
 24963      4      1 -6.47137e+02
 24964      4      1 -6.40530e+02
 24965      4      1 -6.32514e+02
 24966      4      1 -6.20987e+02
 24967      4      1 -6.13965e+02
 24968      4      1 -6.09215e+02
 24969      4      1 -6.06873e+02
 24970      4      1 -6.09663e+02
 24971      4      1 -6.03053e+02
 24972      4      1 -5.96836e+02
 24973      4      1 -5.93519e+02
 24974      4      1 -5.97098e+02
 24975      4      1 -5.86923e+02
 24976      4      1 -5.85429e+02
 24977      4      1 -5.81418e+02
 24978      4      1 -5.83701e+02
 24979      4      1 -5.87746e+02
 24980      4      1 -5.85079e+02
 24981      4      1 -5.81328e+02
 24982      4      1 -5.79521e+02
 24983      4      1 -5.86920e+02
 24984      4      1 -5.90352e+02
 24985      4      1 -5.88805e+02
 24986      4      1 -5.91472e+02
 24987      4      1 -5.87064e+02
 24988      4      1 -5.86696e+02
 24989      4      1 -5.84327e+02
 24990      4      1 -5.88453e+02
 24991      4      1 -5.88206e+02
 24992      4      1 -5.92553e+02
 24993      4      1 -5.90922e+02
 24994      4      1 -6.01146e+02
 24995      4      1 -6.00587e+02
 24996      4      1 -6.06462e+02
 24997      4      1 -6.04678e+02
 24998      4      1 -5.99834e+02
 24999      4      1 -6.02991e+02
 25000      4      1 -6.05445e+02
