-9.074655572334817180e+02
-8.681268252561300187e+02
-8.681858260759697714e+02
-8.468955530936555078e+02
-7.999489844280743682e+02
-8.118959134784128082e+02
-7.743599649599393615e+02
-7.635754618289533937e+02
-7.138356563313031984e+02
-6.954830685556767094e+02
-6.708233619560091938e+02
-6.625083307254458305e+02
-6.591022567441386855e+02
-6.372650150821004900e+02
-6.274828227006929637e+02
-5.880488300975272296e+02
-5.790486525395654098e+02
-5.204833159363970481e+02
-5.190953305257280590e+02
-5.055957261508121974e+02
-8.958622849340533776e+02
-8.659118236107273106e+02
-8.593945537148505309e+02
-8.487155475538231713e+02
-7.973662969444095552e+02
-8.014631803363841982e+02
-7.728965937294613013e+02
-7.515523615217878159e+02
-7.088179293884114713e+02
-6.950634795981201250e+02
-6.659681481213084453e+02
-6.535550013170192187e+02
-6.559250385325005936e+02
-6.341062076157700176e+02
-6.323666373479476306e+02
-5.826379392321406385e+02
-5.739465318821825122e+02
-5.105425149576665831e+02
-5.061552440238950226e+02
-5.042371274563002430e+02
-8.920670442513452372e+02
-8.564418600242643151e+02
-8.657774276077473132e+02
-8.470646350891265683e+02
-7.952563847298674773e+02
-7.974780017354211168e+02
-7.741728646237788780e+02
-7.444271564131439618e+02
-6.942032220022502997e+02
-6.889616883876528846e+02
-6.694215007377927122e+02
-6.500534725930547211e+02
-6.472661690937590038e+02
-6.274853303493496242e+02
-6.241124620020257225e+02
-5.704849101378454179e+02
-5.706582329207130897e+02
-5.047328428229147903e+02
-4.929673509002614651e+02
-5.001146373733947712e+02
-8.773129194265939077e+02
-8.533430641946698643e+02
-8.635058432723485566e+02
-8.328899522652825453e+02
-7.981480858563653555e+02
-7.950436137673077610e+02
-7.669651274286928810e+02
-7.412347514420081325e+02
-6.962633953703918905e+02
-6.865706963015949214e+02
-6.649146893912613905e+02
-6.434444259130680166e+02
-6.416005280629221943e+02
-6.215743932571551795e+02
-6.082648820022941436e+02
-5.666703245738160604e+02
-5.684074722079358253e+02
-4.971306532640475098e+02
-4.860176806794420372e+02
-4.916491859672254350e+02
-8.735263522933005333e+02
-8.502502320673569329e+02
-8.631693986046960845e+02
-8.379992348925060242e+02
-7.964886355655082752e+02
-7.901468905405241685e+02
-7.625440727907923701e+02
-7.423992181257631273e+02
-6.893207565781167432e+02
-6.864099709702295513e+02
-6.674957900856106789e+02
-6.398678715151172582e+02
-6.448734479724221274e+02
-6.194730137343763090e+02
-6.062841600545513074e+02
-5.568728348106321846e+02
-5.645771533687278634e+02
-4.958991727743702995e+02
-4.858372149155106854e+02
-4.898690200301465438e+02
-8.710896622445401363e+02
-8.449138998880368945e+02
-8.618312987240235543e+02
-8.286306706684854362e+02
-7.969303837961380168e+02
-7.864681132589146273e+02
-7.564356705840381210e+02
-7.335821316581327665e+02
-6.937297817737346577e+02
-6.802039460738601520e+02
-6.639609929929216605e+02
-6.372998621918693516e+02
-6.489053468531403723e+02
-6.207999763856030313e+02
-5.893896396963923507e+02
-5.503219221650555255e+02
-5.611123856578420828e+02
-4.900813456344025667e+02
-4.906665553894803793e+02
-4.792587658723829804e+02
-8.787441146570761248e+02
-8.494057231167040527e+02
-8.502320464413589889e+02
-8.230554983916176752e+02
-8.082469003899097970e+02
-7.855383143889382609e+02
-7.476825723828536638e+02
-7.314381523125415470e+02
-6.960780176570724507e+02
-6.801276601257660559e+02
-6.595047502901196594e+02
-6.283456339418057723e+02
-6.543254493786506600e+02
-6.123188171532153774e+02
-5.762146409134196574e+02
-5.606623895087544724e+02
-5.577883559789650008e+02
-4.897973115614932453e+02
-4.963009370442650265e+02
-4.768357948608358470e+02
-8.784293282627163535e+02
-8.492025607775807430e+02
-8.381621359586180233e+02
-8.290455528774108416e+02
-8.095581742946744725e+02
-7.818590571352377765e+02
-7.535997791192303339e+02
-7.359511221095607425e+02
-6.955411476931778907e+02
-6.737993956933179334e+02
-6.518506198921381838e+02
-6.286137297841036116e+02
-6.432617040813720450e+02
-6.150080484111435908e+02
-5.670783036817327911e+02
-5.574646077585455259e+02
-5.493476945410991448e+02
-4.963387272721008685e+02
-5.014750184919064395e+02
-4.802924577897842937e+02
-8.821294193656849529e+02
-8.369166415319607495e+02
-8.376561761878119796e+02
-8.191566751161000184e+02
-8.044469964656623233e+02
-7.786568000558835365e+02
-7.533741064880174463e+02
-7.404918819816459745e+02
-6.949283233915327855e+02
-6.832903759408608266e+02
-6.501304051287795573e+02
-6.264188259377508530e+02
-6.440435371191297236e+02
-6.048049772582081687e+02
-5.681984716795134318e+02
-5.507984854735142335e+02
-5.480883255433818704e+02
-5.011225466185346704e+02
-5.027210715415935169e+02
-4.857638653601681540e+02
-8.842634416022823416e+02
-8.337431132365437634e+02
-8.329897431125092453e+02
-8.243892879015687640e+02
-8.005622811563578125e+02
-7.735481344570175679e+02
-7.500514642770797309e+02
-7.371620790218870525e+02
-7.004839984828706747e+02
-6.881865548553585086e+02
-6.597641088924165160e+02
-6.372699642472942969e+02
-6.413350359112214392e+02
-5.994537711135919835e+02
-5.673842004234600154e+02
-5.544641964388139286e+02
-5.353991815366675837e+02
-5.012582040818207929e+02
-5.078877515299661809e+02
-4.826615199948813597e+02
-8.819213948590694372e+02
-8.320649143268036596e+02
-8.316944901253995113e+02
-8.180200552717865321e+02
-8.017887798103776049e+02
-7.704677737030824574e+02
-7.420973558976388631e+02
-7.348268285339329395e+02
-7.031675860094626387e+02
-6.798780697711638368e+02
-6.592724601816589711e+02
-6.324542970470621412e+02
-6.423949080769027660e+02
-6.063758601843838960e+02
-5.687110329355235763e+02
-5.584645009843643493e+02
-5.398029617227025483e+02
-5.061358582772267027e+02
-5.060189037193137551e+02
-4.865488081479692823e+02
-8.733829774793045999e+02
-8.332255756129992506e+02
-8.386824820668846314e+02
-8.157341304924461838e+02
-7.976260511989141833e+02
-7.698276969999910762e+02
-7.447259205682768197e+02
-7.351484638861649046e+02
-7.009713390262287476e+02
-6.836420440462525221e+02
-6.546670713181200654e+02
-6.190654609035364047e+02
-6.378503691745656852e+02
-6.036371867615241626e+02
-5.710713688993625965e+02
-5.595571605518364322e+02
-5.371115543581558995e+02
-5.037629429680608837e+02
-5.164460053297880222e+02
-4.866086297384909471e+02
-8.667888658629947258e+02
-8.315539561018796348e+02
-8.327705282410984182e+02
-8.141267687842753276e+02
-7.867652848096009848e+02
-7.645222086938805433e+02
-7.463466531721519459e+02
-7.351835786064771128e+02
-6.965879191856295165e+02
-6.772555305255641542e+02
-6.682062701737816042e+02
-6.154367238351755987e+02
-6.375671299352931101e+02
-5.917175793842645817e+02
-5.697291421614634146e+02
-5.654698017233824885e+02
-5.417417151137431119e+02
-5.102603518496019319e+02
-5.064760383633638412e+02
-4.787114968502449415e+02
-8.742316585965999138e+02
-8.359405768254348459e+02
-8.377005270705031990e+02
-8.109834032914545787e+02
-7.919150322749974293e+02
-7.664873847310450401e+02
-7.426108132035860763e+02
-7.283678128532479832e+02
-7.069471485354333709e+02
-6.723175375236257878e+02
-6.766376837577738570e+02
-6.188627567725867493e+02
-6.415081233416743771e+02
-6.004501683399780632e+02
-5.688938036705806098e+02
-5.684424248759696638e+02
-5.475897106573463589e+02
-5.098602047767475938e+02
-5.058536935377293844e+02
-4.773130609469982915e+02
-8.750125350095117938e+02
-8.496927499433625144e+02
-8.362328627893180055e+02
-8.163504997731349704e+02
-7.964467069629997695e+02
-7.672696995808566953e+02
-7.434208551898308315e+02
-7.361571356124585463e+02
-7.046205776065414739e+02
-6.714962193329826050e+02
-6.712936398124097650e+02
-6.284034542382171367e+02
-6.444430228641004987e+02
-6.098839112794009907e+02
-5.748781476780300181e+02
-5.613935991579414804e+02
-5.507362011671007167e+02
-5.123556604202603921e+02
-5.085008597199849305e+02
-4.781413068650327318e+02
-8.762344850034473893e+02
-8.572325876566562783e+02
-8.412685952115075452e+02
-8.186494207407496333e+02
-7.927330264068656334e+02
-7.711560662044589662e+02
-7.416362167167197867e+02
-7.384018746631834347e+02
-7.135379836983563564e+02
-6.791139277193477710e+02
-6.663245844495586425e+02
-6.395757586570746298e+02
-6.488345908496521588e+02
-6.185327710418928291e+02
-5.758200627242504197e+02
-5.676064525416306878e+02
-5.470537141165416415e+02
-5.141436145139628024e+02
-5.105074432948235881e+02
-4.825408855272355027e+02
-8.837235341518363612e+02
-8.678838977492631557e+02
-8.477973710860321717e+02
-8.195388220218310380e+02
-7.969087222167047457e+02
-7.737577040983277357e+02
-7.566416746291711206e+02
-7.470255850934850059e+02
-7.154010449401146161e+02
-6.861010970691971806e+02
-6.620631682752766665e+02
-6.471110698504398897e+02
-6.541914815467217750e+02
-6.133846595451900612e+02
-5.754479420663460587e+02
-5.739351730607536410e+02
-5.520385176002971548e+02
-5.199013162016783554e+02
-5.073383890750952219e+02
-4.912675922832945048e+02
-8.867728335475944732e+02
-8.692533515390755383e+02
-8.513707683399677535e+02
-8.267587585052315262e+02
-8.009197319220577356e+02
-7.803693052815671081e+02
-7.598727653138910227e+02
-7.522683066850827345e+02
-7.239353710019770460e+02
-6.939121312336287701e+02
-6.658408853127132261e+02
-6.633269945998700905e+02
-6.477420818273690202e+02
-6.174273462319233658e+02
-5.828963118019833018e+02
-5.654494378512445110e+02
-5.630591453009803899e+02
-5.274759369193054681e+02
-5.114009187253745949e+02
-4.931026137323996750e+02
-8.921738885854091450e+02
-8.709514949430496245e+02
-8.541069853998830013e+02
-8.375730242122582467e+02
-8.083645841686039830e+02
-7.817928114774146025e+02
-7.665499883280848508e+02
-7.581705157603381622e+02
-7.251404717297621119e+02
-7.002954180260508110e+02
-6.716174793877844422e+02
-6.708937241882912303e+02
-6.455239669929652564e+02
-6.194097804985079847e+02
-5.865069872338643790e+02
-5.577735877885711488e+02
-5.598761508115538845e+02
-5.369630337866021819e+02
-5.107835576389174435e+02
-5.042424603931692104e+02
-9.007904919875666110e+02
-8.727951477835141532e+02
-8.562515564717707548e+02
-8.378184945366166403e+02
-8.119459108019357245e+02
-7.910417344278885139e+02
-7.712559582005699212e+02
-7.572743558767976992e+02
-7.308530600404483266e+02
-7.043555390081539826e+02
-6.823542776240925605e+02
-6.739540826629232697e+02
-6.507776886966518077e+02
-6.254170280190480753e+02
-5.948047003251290334e+02
-5.683578336735552057e+02
-5.586246566739051786e+02
-5.465860739841548366e+02
-5.219203566566968675e+02
-5.057168188821985382e+02
