   7
  14
  5000000
  10000000
  15000000
  20000000
  25000000
  30000000
  35000000
2.88150e+02
2.93150e+02
3.13150e+02
3.33150e+02
3.53150e+02
3.73150e+02
3.93150e+02
4.13150e+02
4.33150e+02
4.53150e+02
4.73150e+02
4.93150e+02
5.13150e+02
5.33150e+02
     01001
     01004
     01006
     01008
     01010
     01013
     01015
     01000
     01003
     01005
     01007
     01009
     01012
     01014
     00994
     00997
     00999
     01001
     01003
     01005
     01007
     00985
     00987
     00990
     00992
     00994
     00996
     00998
     00974
     00976
     00978
     00980
     00983
     00985
     00987
     00961
     00963
     00965
     00967
     00970
     00972
     00974
     00945
     00948
     00950
     00953
     00955
     00957
     00960
     00929
     00931
     00934
     00936
     00939
     00941
     00944
     00910
     00913
     00916
     00919
     00921
     00924
     00927
     00890
     00893
     00896
     00899
     00902
     00905
     00908
     00867
     00871
     00875
     00878
     00881
     00885
     00888
     00843
     00847
     00851
     00855
     00859
     00862
     00866
     00815
     00820
     00825
     00830
     00834
     00838
     00843
     00784
     00790
     00796
     00802
     00807
     00812
     00817
