 5.184d6  dt_init  nadapt dt_max
 10000000  5779   ntstep, nout
    15819840
    15871680
    15923520
    15975360
    16027200
    16079040
    16130880
    16182720
    16234560
    16286400
    16338240
    16390080
    16441920
    16493760
    16545600
    16597440
    16649280
    16701120
    16752960
    16804800
    16856640
    16908480
    16960320
    17012160
    17064000
    17115840
    17167680
    17219520
    17271360
    17323200
    17375040
    17426880
    17478720
    17530560
    17582400
    17634240
    17686080
    17737920
    17789760
    17841600
    17893440
    17945280
    17997120
    18048960
    18100800
    18152640
    18204480
    18256320
    18308160
    18360000
    18411840
    18463680
    18515520
    18567360
    18619200
    18671040
    18722880
    18774720
    18826560
    18878400
    18930240
    18982080
    19033920
    19085760
    19137600
    19189440
    19241280
    19293120
    19344960
    19396800
    19448640
    19500480
    19552320
    19604160
    19656000
    19707840
    19759680
    19811520
    19863360
    19915200
    19967040
    20018880
    20070720
    20122560
    20174400
    20226240
    20278080
    20329920
    20381760
    20433600
    20485440
    20537280
    20589120
    20640960
    20692800
    20744640
    20796480
    20848320
    20900160
    20952000
    21003840
    21055680
    21107520
    21159360
    21211200
    21263040
    21314880
    21366720
    21418560
    21470400
    21522240
    21574080
    21625920
    21677760
    21729600
    21781440
    21833280
    21885120
    21936960
    21988800
    22040640
    22092480
    22144320
    22196160
    22248000
    22299840
    22351680
    22403520
    22455360
    22507200
    22559040
    22610880
    22662720
    22714560
    22766400
    22818240
    22870080
    22921920
    22973760
    23025600
    23077440
    23129280
    23181120
    23232960
    23284800
    23336640
    23388480
    23440320
    23492160
    23544000
    23595840
    23647680
    23699520
    23751360
    23803200
    23855040
    23906880
    23958720
    24010560
    24062400
    24114240
    24166080
    24217920
    24269760
    24321600
    24373440
    24425280
    24477120
    24528960
    24580800
    24632640
    24684480
    24736320
    24788160
    24840000
    24891840
    24943680
    24995520
    25047360
    25099200
    25151040
    25202880
    25254720
    25306560
    25358400
    25410240
    25462080
    25513920
    25565760
    25617600
    25669440
    25721280
    25773120
    25824960
    25876800
    25928640
    25980480
    26032320
    26084160
    26136000
    26187840
    26239680
    26291520
    26343360
    26395200
    26447040
    26498880
    26550720
    26602560
    26654400
    26706240
    26758080
    26809920
    26861760
    26913600
    26965440
    27017280
    27069120
    27120960
    27172800
    27224640
    27276480
    27328320
    27380160
    27432000
    27483840
    27535680
    27587520
    27639360
    27691200
    27743040
    27794880
    27846720
    27898560
    27950400
    28002240
    28054080
    28105920
    28157760
    28209600
    28261440
    28313280
    28365120
    28416960
    28468800
    28520640
    28572480
    28624320
    28676160
    28728000
    28779840
    28831680
    28883520
    28935360
    28987200
    29039040
    29090880
    29142720
    29194560
    29246400
    29298240
    29350080
    29401920
    29453760
    29505600
    29557440
    29609280
    29661120
    29712960
    29764800
    29816640
    29868480
    29920320
    29972160
    30024000
    30075840
    30127680
    30179520
    30231360
    30283200
    30335040
    30386880
    30438720
    30490560
    30542400
    30594240
    30646080
    30697920
    30749760
    30801600
    30853440
    30905280
    30957120
    31008960
    31060800
    31112640
    31164480
    31216320
    31268160
    31320000
    31371840
    31423680
    31475520
    31527360
    31579200
    31631040
    31682880
    31734720
    31786560
    31838400
    31890240
    31942080
    31993920
    32045760
    32097600
    32149440
    32201280
    32253120
    32304960
    32356800
    32408640
    32460480
    32512320
    32564160
    32616000
    32667840
    32719680
    32771520
    32823360
    32875200
    32927040
    32978880
    33030720
    33082560
    33134400
    33186240
    33238080
    33289920
    33341760
    33393600
    33445440
    33497280
    33549120
    33600960
    33652800
    33704640
    33756480
    33808320
    33860160
    33912000
    33963840
    34015680
    34067520
    34119360
    34171200
    34223040
    34274880
    34326720
    34378560
    34430400
    34482240
    34534080
    34585920
    34637760
    34689600
    34741440
    34793280
    34845120
    34896960
    34948800
    35000640
    35052480
    35104320
    35156160
    35208000
    35259840
    35311680
    35363520
    35415360
    35467200
    35519040
    35570880
    35622720
    35674560
    35726400
    35778240
    35830080
    35881920
    35933760
    35985600
    36037440
    36089280
    36141120
    36192960
    36244800
    36296640
    36348480
    36400320
    36452160
    36504000
    36555840
    36607680
    36659520
    36711360
    36763200
    36815040
    36866880
    36918720
    36970560
    37022400
    37074240
    37126080
    37177920
    37229760
    37281600
    37333440
    37385280
    37437120
    37488960
    37540800
    37592640
    37644480
    37696320
    37748160
    37800000
    37851840
    37903680
    37955520
    38007360
    38059200
    38111040
    38162880
    38214720
    38266560
    38318400
    38370240
    38422080
    38473920
    38525760
    38577600
    38629440
    38681280
    38733120
    38784960
    38836800
    38888640
    38940480
    38992320
    39044160
    39096000
    39147840
    39199680
    39251520
    39303360
    39355200
    39407040
    39458880
    39510720
    39562560
    39614400
    39666240
    39718080
    39769920
    39821760
    39873600
    39925440
    39977280
    40029120
    40080960
    40132800
    40184640
    40236480
    40288320
    40340160
    40392000
    40443840
    40495680
    40547520
    40599360
    40651200
    40703040
    40754880
    40806720
    40858560
    40910400
    40962240
    41014080
    41065920
    41117760
    41169600
    41221440
    41273280
    41325120
    41376960
    41428800
    41480640
    41532480
    41584320
    41636160
    41688000
    41739840
    41791680
    41843520
    41895360
    41947200
    41999040
    42050880
    42102720
    42154560
    42206400
    42258240
    42310080
    42361920
    42413760
    42465600
    42517440
    42569280
    42621120
    42672960
    42724800
    42776640
    42828480
    42880320
    42932160
    42984000
    43035840
    43087680
    43139520
    43191360
    43243200
    43295040
    43346880
    43398720
    43450560
    43502400
    43554240
    43606080
    43657920
    43709760
    43761600
    43813440
    43865280
    43917120
    43968960
    44020800
    44072640
    44124480
    44176320
    44228160
    44280000
    44331840
    44383680
    44435520
    44487360
    44539200
    44591040
    44642880
    44694720
    44746560
    44798400
    44850240
    44902080
    44953920
    45005760
    45057600
    45109440
    45161280
    45213120
    45264960
    45316800
    45368640
    45420480
    45472320
    45524160
    45576000
    45627840
    45679680
    45731520
    45783360
    45835200
    45887040
    45938880
    45990720
    46042560
    46094400
    46146240
    46198080
    46249920
    46301760
    46353600
    46405440
    46457280
    46509120
    46560960
    46612800
    46664640
    46716480
    46768320
    46820160
    46872000
    46923840
    46975680
    47027520
    47079360
    47131200
    47183040
    47234880
    47286720
    47338560
    47390400
    47442240
    47494080
    47545920
    47597760
    47649600
    47701440
    47753280
    47805120
    47856960
    47908800
    47960640
    48012480
    48064320
    48116160
    48168000
    48219840
    48271680
    48323520
    48375360
    48427200
    48479040
    48530880
    48582720
    48634560
    48686400
    48738240
    48790080
    48841920
    48893760
    48945600
    48997440
    49049280
    49101120
    49152960
    49204800
    49256640
    49308480
    49360320
    49412160
    49464000
    49515840
    49567680
    49619520
    49671360
    49723200
    49775040
    49826880
    49878720
    49930560
    49982400
    50034240
    50086080
    50137920
    50189760
    50241600
    50293440
    50345280
    50397120
    50448960
    50500800
    50552640
    50604480
    50656320
    50708160
    50760000
    50811840
    50863680
    50915520
    50967360
    51019200
    51071040
    51122880
    51174720
    51226560
    51278400
    51330240
    51382080
    51433920
    51485760
    51537600
    51589440
    51641280
    51693120
    51744960
    51796800
    51848640
    51900480
    51952320
    52004160
    52056000
    52107840
    52159680
    52211520
    52263360
    52315200
    52367040
    52418880
    52470720
    52522560
    52574400
    52626240
    52678080
    52729920
    52781760
    52833600
    52885440
    52937280
    52989120
    53040960
    53092800
    53144640
    53196480
    53248320
    53300160
    53352000
    53403840
    53455680
    53507520
    53559360
    53611200
    53663040
    53714880
    53766720
    53818560
    53870400
    53922240
    53974080
    54025920
    54077760
    54129600
    54181440
    54233280
    54285120
    54336960
    54388800
    54440640
    54492480
    54544320
    54596160
    54648000
    54699840
    54751680
    54803520
    54855360
    54907200
    54959040
    55010880
    55062720
    55114560
    55166400
    55218240
    55270080
    55321920
    55373760
    55425600
    55477440
    55529280
    55581120
    55632960
    55684800
    55736640
    55788480
    55840320
    55892160
    55944000
    55995840
    56047680
    56099520
    56151360
    56203200
    56255040
    56306880
    56358720
    56410560
    56462400
    56514240
    56566080
    56617920
    56669760
    56721600
    56773440
    56825280
    56877120
    56928960
    56980800
    57032640
    57084480
    57136320
    57188160
    57240000
    57291840
    57343680
    57395520
    57447360
    57499200
    57551040
    57602880
    57654720
    57706560
    57758400
    57810240
    57862080
    57913920
    57965760
    58017600
    58069440
    58121280
    58173120
    58224960
    58276800
    58328640
    58380480
    58432320
    58484160
    58536000
    58587840
    58639680
    58691520
    58743360
    58795200
    58847040
    58898880
    58950720
    59002560
    59054400
    59106240
    59158080
    59209920
    59261760
    59313600
    59365440
    59417280
    59469120
    59520960
    59572800
    59624640
    59676480
    59728320
    59780160
    59832000
    59883840
    59935680
    59987520
    60039360
    60091200
    60143040
    60194880
    60246720
    60298560
    60350400
    60402240
    60454080
    60505920
    60557760
    60609600
    60661440
    60713280
    60765120
    60816960
    60868800
    60920640
    60972480
    61024320
    61076160
    61128000
    61179840
    61231680
    61283520
    61335360
    61387200
    61439040
    61490880
    61542720
    61594560
    61646400
    61698240
    61750080
    61801920
    61853760
    61905600
    61957440
    62009280
    62061120
    62112960
    62164800
    62216640
    62268480
    62320320
    62372160
    62424000
    62475840
    62527680
    62579520
    62631360
    62683200
    62735040
    62786880
    62838720
    62890560
    62942400
    62994240
    63046080
    63097920
    63149760
    63201600
    63253440
    63305280
    63357120
    63408960
    63460800
    63512640
    63564480
    63616320
    63668160
    63720000
    63771840
    63823680
    63875520
    63927360
    63979200
    64031040
    64082880
    64134720
    64186560
    64238400
    64290240
    64342080
    64393920
    64445760
    64497600
    64549440
    64601280
    64653120
    64704960
    64756800
    64808640
    64860480
    64912320
    64964160
    65016000
    65067840
    65119680
    65171520
    65223360
    65275200
    65327040
    65378880
    65430720
    65482560
    65534400
    65586240
    65638080
    65689920
    65741760
    65793600
    65845440
    65897280
    65949120
    66000960
    66052800
    66104640
    66156480
    66208320
    66260160
    66312000
    66363840
    66415680
    66467520
    66519360
    66571200
    66623040
    66674880
    66726720
    66778560
    66830400
    66882240
    66934080
    66985920
    67037760
    67089600
    67141440
    67193280
    67245120
    67296960
    67348800
    67400640
    67452480
    67504320
    67556160
    67608000
    67659840
    67711680
    67763520
    67815360
    67867200
    67919040
    67970880
    68022720
    68074560
    68126400
    68178240
    68230080
    68281920
    68333760
    68385600
    68437440
    68489280
    68541120
    68592960
    68644800
    68696640
    68748480
    68800320
    68852160
    68904000
    68955840
    69007680
    69059520
    69111360
    69163200
    69215040
    69266880
    69318720
    69370560
    69422400
    69474240
    69526080
    69577920
    69629760
    69681600
    69733440
    69785280
    69837120
    69888960
    69940800
    69992640
    70044480
    70096320
    70148160
    70200000
    70251840
    70303680
    70355520
    70407360
    70459200
    70511040
    70562880
    70614720
    70666560
    70718400
    70770240
    70822080
    70873920
    70925760
    70977600
    71029440
    71081280
    71133120
    71184960
    71236800
    71288640
    71340480
    71392320
    71444160
    71496000
    71547840
    71599680
    71651520
    71703360
    71755200
    71807040
    71858880
    71910720
    71962560
    72014400
    72066240
    72118080
    72169920
    72221760
    72273600
    72325440
    72377280
    72429120
    72480960
    72532800
    72584640
    72636480
    72688320
    72740160
    72792000
    72843840
    72895680
    72947520
    72999360
    73051200
    73103040
    73154880
    73206720
    73258560
    73310400
    73362240
    73414080
    73465920
    73517760
    73569600
    73621440
    73673280
    73725120
    73776960
    73828800
    73880640
    73932480
    73984320
    74036160
    74088000
    74139840
    74191680
    74243520
    74295360
    74347200
    74399040
    74450880
    74502720
    74554560
    74606400
    74658240
    74710080
    74761920
    74813760
    74865600
    74917440
    74969280
    75021120
    75072960
    75124800
    75176640
    75228480
    75280320
    75332160
    75384000
    75435840
    75487680
    75539520
    75591360
    75643200
    75695040
    75746880
    75798720
    75850560
    75902400
    75954240
    76006080
    76057920
    76109760
    76161600
    76213440
    76265280
    76317120
    76368960
    76420800
    76472640
    76524480
    76576320
    76628160
    76680000
    76731840
    76783680
    76835520
    76887360
    76939200
    76991040
    77042880
    77094720
    77146560
    77198400
    77250240
    77302080
    77353920
    77405760
    77457600
    77509440
    77561280
    77613120
    77664960
    77716800
    77768640
    77820480
    77872320
    77924160
    77976000
    78027840
    78079680
    78131520
    78183360
    78235200
    78287040
    78338880
    78390720
    78442560
    78494400
    78546240
    78598080
    78649920
    78701760
    78753600
    78805440
    78857280
    78909120
    78960960
    79012800
    79064640
    79116480
    79168320
    79220160
    79272000
    79323840
    79375680
    79427520
    79479360
    79531200
    79583040
    79634880
    79686720
    79738560
    79790400
    79842240
    79894080
    79945920
    79997760
    80049600
    80101440
    80153280
    80205120
    80256960
    80308800
    80360640
    80412480
    80464320
    80516160
    80568000
    80619840
    80671680
    80723520
    80775360
    80827200
    80879040
    80930880
    80982720
    81034560
    81086400
    81138240
    81190080
    81241920
    81293760
    81345600
    81397440
    81449280
    81501120
    81552960
    81604800
    81656640
    81708480
    81760320
    81812160
    81864000
    81915840
    81967680
    82019520
    82071360
    82123200
    82175040
    82226880
    82278720
    82330560
    82382400
    82434240
    82486080
    82537920
    82589760
    82641600
    82693440
    82745280
    82797120
    82848960
    82900800
    82952640
    83004480
    83056320
    83108160
    83160000
    83211840
    83263680
    83315520
    83367360
    83419200
    83471040
    83522880
    83574720
    83626560
    83678400
    83730240
    83782080
    83833920
    83885760
    83937600
    83989440
    84041280
    84093120
    84144960
    84196800
    84248640
    84300480
    84352320
    84404160
    84456000
    84507840
    84559680
    84611520
    84663360
    84715200
    84767040
    84818880
    84870720
    84922560
    84974400
    85026240
    85078080
    85129920
    85181760
    85233600
    85285440
    85337280
    85389120
    85440960
    85492800
    85544640
    85596480
    85648320
    85700160
    85752000
    85803840
    85855680
    85907520
    85959360
    86011200
    86063040
    86114880
    86166720
    86218560
    86270400
    86322240
    86374080
    86425920
    86477760
    86529600
    86581440
    86633280
    86685120
    86736960
    86788800
    86840640
    86892480
    86944320
    86996160
    87048000
    87099840
    87151680
    87203520
    87255360
    87307200
    87359040
    87410880
    87462720
    87514560
    87566400
    87618240
    87670080
    87721920
    87773760
    87825600
    87877440
    87929280
    87981120
    88032960
    88084800
    88136640
    88188480
    88240320
    88292160
    88344000
    88395840
    88447680
    88499520
    88551360
    88603200
    88655040
    88706880
    88758720
    88810560
    88862400
    88914240
    88966080
    89017920
    89069760
    89121600
    89173440
    89225280
    89277120
    89328960
    89380800
    89432640
    89484480
    89536320
    89588160
    89640000
    89691840
    89743680
    89795520
    89847360
    89899200
    89951040
    90002880
    90054720
    90106560
    90158400
    90210240
    90262080
    90313920
    90365760
    90417600
    90469440
    90521280
    90573120
    90624960
    90676800
    90728640
    90780480
    90832320
    90884160
    90936000
    90987840
    91039680
    91091520
    91143360
    91195200
    91247040
    91298880
    91350720
    91402560
    91454400
    91506240
    91558080
    91609920
    91661760
    91713600
    91765440
    91817280
    91869120
    91920960
    91972800
    92024640
    92076480
    92128320
    92180160
    92232000
    92283840
    92335680
    92387520
    92439360
    92491200
    92543040
    92594880
    92646720
    92698560
    92750400
    92802240
    92854080
    92905920
    92957760
    93009600
    93061440
    93113280
    93165120
    93216960
    93268800
    93320640
    93372480
    93424320
    93476160
    93528000
    93579840
    93631680
    93683520
    93735360
    93787200
    93839040
    93890880
    93942720
    93994560
    94046400
    94098240
    94150080
    94201920
    94253760
    94305600
    94357440
    94409280
    94461120
    94512960
    94564800
    94616640
    94668480
    94720320
    94772160
    94824000
    94875840
    94927680
    94979520
    95031360
    95083200
    95135040
    95186880
    95238720
    95290560
    95342400
    95394240
    95446080
    95497920
    95549760
    95601600
    95653440
    95705280
    95757120
    95808960
    95860800
    95912640
    95964480
    96016320
    96068160
    96120000
    96171840
    96223680
    96275520
    96327360
    96379200
    96431040
    96482880
    96534720
    96586560
    96638400
    96690240
    96742080
    96793920
    96845760
    96897600
    96949440
    97001280
    97053120
    97104960
    97156800
    97208640
    97260480
    97312320
    97364160
    97416000
    97467840
    97519680
    97571520
    97623360
    97675200
    97727040
    97778880
    97830720
    97882560
    97934400
    97986240
    98038080
    98089920
    98141760
    98193600
    98245440
    98297280
    98349120
    98400960
    98452800
    98504640
    98556480
    98608320
    98660160
    98712000
    98763840
    98815680
    98867520
    98919360
    98971200
    99023040
    99074880
    99126720
    99178560
    99230400
    99282240
    99334080
    99385920
    99437760
    99489600
    99541440
    99593280
    99645120
    99696960
    99748800
    99800640
    99852480
    99904320
    99956160
   100008000
   100059840
   100111680
   100163520
   100215360
   100267200
   100319040
   100370880
   100422720
   100474560
   100526400
   100578240
   100630080
   100681920
   100733760
   100785600
   100837440
   100889280
   100941120
   100992960
   101044800
   101096640
   101148480
   101200320
   101252160
   101304000
   101355840
   101407680
   101459520
   101511360
   101563200
   101615040
   101666880
   101718720
   101770560
   101822400
   101874240
   101926080
   101977920
   102029760
   102081600
   102133440
   102185280
   102237120
   102288960
   102340800
   102392640
   102444480
   102496320
   102548160
   102600000
   102651840
   102703680
   102755520
   102807360
   102859200
   102911040
   102962880
   103014720
   103066560
   103118400
   103170240
   103222080
   103273920
   103325760
   103377600
   103429440
   103481280
   103533120
   103584960
   103636800
   103688640
   103740480
   103792320
   103844160
   103896000
   103947840
   103999680
   104051520
   104103360
   104155200
   104207040
   104258880
   104310720
   104362560
   104414400
   104466240
   104518080
   104569920
   104621760
   104673600
   104725440
   104777280
   104829120
   104880960
   104932800
   104984640
   105036480
   105088320
   105140160
   105192000
   105243840
   105295680
   105347520
   105399360
   105451200
   105503040
   105554880
   105606720
   105658560
   105710400
   105762240
   105814080
   105865920
   105917760
   105969600
   106021440
   106073280
   106125120
   106176960
   106228800
   106280640
   106332480
   106384320
   106436160
   106488000
   106539840
   106591680
   106643520
   106695360
   106747200
   106799040
   106850880
   106902720
   106954560
   107006400
   107058240
   107110080
   107161920
   107213760
   107265600
   107317440
   107369280
   107421120
   107472960
   107524800
   107576640
   107628480
   107680320
   107732160
   107784000
   107835840
   107887680
   107939520
   107991360
   108043200
   108095040
   108146880
   108198720
   108250560
   108302400
   108354240
   108406080
   108457920
   108509760
   108561600
   108613440
   108665280
   108717120
   108768960
   108820800
   108872640
   108924480
   108976320
   109028160
   109080000
   109131840
   109183680
   109235520
   109287360
   109339200
   109391040
   109442880
   109494720
   109546560
   109598400
   109650240
   109702080
   109753920
   109805760
   109857600
   109909440
   109961280
   110013120
   110064960
   110116800
   110168640
   110220480
   110272320
   110324160
   110376000
   110427840
   110479680
   110531520
   110583360
   110635200
   110687040
   110738880
   110790720
   110842560
   110894400
   110946240
   110998080
   111049920
   111101760
   111153600
   111205440
   111257280
   111309120
   111360960
   111412800
   111464640
   111516480
   111568320
   111620160
   111672000
   111723840
   111775680
   111827520
   111879360
   111931200
   111983040
   112034880
   112086720
   112138560
   112190400
   112242240
   112294080
   112345920
   112397760
   112449600
   112501440
   112553280
   112605120
   112656960
   112708800
   112760640
   112812480
   112864320
   112916160
   112968000
   113019840
   113071680
   113123520
   113175360
   113227200
   113279040
   113330880
   113382720
   113434560
   113486400
   113538240
   113590080
   113641920
   113693760
   113745600
   113797440
   113849280
   113901120
   113952960
   114004800
   114056640
   114108480
   114160320
   114212160
   114264000
   114315840
   114367680
   114419520
   114471360
   114523200
   114575040
   114626880
   114678720
   114730560
   114782400
   114834240
   114886080
   114937920
   114989760
   115041600
   115093440
   115145280
   115197120
   115248960
   115300800
   115352640
   115404480
   115456320
   115508160
   115560000
   115611840
   115663680
   115715520
   115767360
   115819200
   115871040
   115922880
   115974720
   116026560
   116078400
   116130240
   116182080
   116233920
   116285760
   116337600
   116389440
   116441280
   116493120
   116544960
   116596800
   116648640
   116700480
   116752320
   116804160
   116856000
   116907840
   116959680
   117011520
   117063360
   117115200
   117167040
   117218880
   117270720
   117322560
   117374400
   117426240
   117478080
   117529920
   117581760
   117633600
   117685440
   117737280
   117789120
   117840960
   117892800
   117944640
   117996480
   118048320
   118100160
   118152000
   118203840
   118255680
   118307520
   118359360
   118411200
   118463040
   118514880
   118566720
   118618560
   118670400
   118722240
   118774080
   118825920
   118877760
   118929600
   118981440
   119033280
   119085120
   119136960
   119188800
   119240640
   119292480
   119344320
   119396160
   119448000
   119499840
   119551680
   119603520
   119655360
   119707200
   119759040
   119810880
   119862720
   119914560
   119966400
   120018240
   120070080
   120121920
   120173760
   120225600
   120277440
   120329280
   120381120
   120432960
   120484800
   120536640
   120588480
   120640320
   120692160
   120744000
   120795840
   120847680
   120899520
   120951360
   121003200
   121055040
   121106880
   121158720
   121210560
   121262400
   121314240
   121366080
   121417920
   121469760
   121521600
   121573440
   121625280
   121677120
   121728960
   121780800
   121832640
   121884480
   121936320
   121988160
   122040000
   122091840
   122143680
   122195520
   122247360
   122299200
   122351040
   122402880
   122454720
   122506560
   122558400
   122610240
   122662080
   122713920
   122765760
   122817600
   122869440
   122921280
   122973120
   123024960
   123076800
   123128640
   123180480
   123232320
   123284160
   123336000
   123387840
   123439680
   123491520
   123543360
   123595200
   123647040
   123698880
   123750720
   123802560
   123854400
   123906240
   123958080
   124009920
   124061760
   124113600
   124165440
   124217280
   124269120
   124320960
   124372800
   124424640
   124476480
   124528320
   124580160
   124632000
   124683840
   124735680
   124787520
   124839360
   124891200
   124943040
   124994880
   125046720
   125098560
   125150400
   125202240
   125254080
   125305920
   125357760
   125409600
   125461440
   125513280
   125565120
   125616960
   125668800
   125720640
   125772480
   125824320
   125876160
   125928000
   125979840
   126031680
   126083520
   126135360
   126187200
   126239040
   126290880
   126342720
   126394560
   126446400
   126498240
   126550080
   126601920
   126653760
   126705600
   126757440
   126809280
   126861120
   126912960
   126964800
   127016640
   127068480
   127120320
   127172160
   127224000
   127275840
   127327680
   127379520
   127431360
   127483200
   127535040
   127586880
   127638720
   127690560
   127742400
   127794240
   127846080
   127897920
   127949760
   128001600
   128053440
   128105280
   128157120
   128208960
   128260800
   128312640
   128364480
   128416320
   128468160
   128520000
   128571840
   128623680
   128675520
   128727360
   128779200
   128831040
   128882880
   128934720
   128986560
   129038400
   129090240
   129142080
   129193920
   129245760
   129297600
   129349440
   129401280
   129453120
   129504960
   129556800
   129608640
   129660480
   129712320
   129764160
   129816000
   129867840
   129919680
   129971520
   130023360
   130075200
   130127040
   130178880
   130230720
   130282560
   130334400
   130386240
   130438080
   130489920
   130541760
   130593600
   130645440
   130697280
   130749120
   130800960
   130852800
   130904640
   130956480
   131008320
   131060160
   131112000
   131163840
   131215680
   131267520
   131319360
   131371200
   131423040
   131474880
   131526720
   131578560
   131630400
   131682240
   131734080
   131785920
   131837760
   131889600
   131941440
   131993280
   132045120
   132096960
   132148800
   132200640
   132252480
   132304320
   132356160
   132408000
   132459840
   132511680
   132563520
   132615360
   132667200
   132719040
   132770880
   132822720
   132874560
   132926400
   132978240
   133030080
   133081920
   133133760
   133185600
   133237440
   133289280
   133341120
   133392960
   133444800
   133496640
   133548480
   133600320
   133652160
   133704000
   133755840
   133807680
   133859520
   133911360
   133963200
   134015040
   134066880
   134118720
   134170560
   134222400
   134274240
   134326080
   134377920
   134429760
   134481600
   134533440
   134585280
   134637120
   134688960
   134740800
   134792640
   134844480
   134896320
   134948160
   135000000
   135051840
   135103680
   135155520
   135207360
   135259200
   135311040
   135362880
   135414720
   135466560
   135518400
   135570240
   135622080
   135673920
   135725760
   135777600
   135829440
   135881280
   135933120
   135984960
   136036800
   136088640
   136140480
   136192320
   136244160
   136296000
   136347840
   136399680
   136451520
   136503360
   136555200
   136607040
   136658880
   136710720
   136762560
   136814400
   136866240
   136918080
   136969920
   137021760
   137073600
   137125440
   137177280
   137229120
   137280960
   137332800
   137384640
   137436480
   137488320
   137540160
   137592000
   137643840
   137695680
   137747520
   137799360
   137851200
   137903040
   137954880
   138006720
   138058560
   138110400
   138162240
   138214080
   138265920
   138317760
   138369600
   138421440
   138473280
   138525120
   138576960
   138628800
   138680640
   138732480
   138784320
   138836160
   138888000
   138939840
   138991680
   139043520
   139095360
   139147200
   139199040
   139250880
   139302720
   139354560
   139406400
   139458240
   139510080
   139561920
   139613760
   139665600
   139717440
   139769280
   139821120
   139872960
   139924800
   139976640
   140028480
   140080320
   140132160
   140184000
   140235840
   140287680
   140339520
   140391360
   140443200
   140495040
   140546880
   140598720
   140650560
   140702400
   140754240
   140806080
   140857920
   140909760
   140961600
   141013440
   141065280
   141117120
   141168960
   141220800
   141272640
   141324480
   141376320
   141428160
   141480000
   141531840
   141583680
   141635520
   141687360
   141739200
   141791040
   141842880
   141894720
   141946560
   141998400
   142050240
   142102080
   142153920
   142205760
   142257600
   142309440
   142361280
   142413120
   142464960
   142516800
   142568640
   142620480
   142672320
   142724160
   142776000
   142827840
   142879680
   142931520
   142983360
   143035200
   143087040
   143138880
   143190720
   143242560
   143294400
   143346240
   143398080
   143449920
   143501760
   143553600
   143605440
   143657280
   143709120
   143760960
   143812800
   143864640
   143916480
   143968320
   144020160
   144072000
   144123840
   144175680
   144227520
   144279360
   144331200
   144383040
   144434880
   144486720
   144538560
   144590400
   144642240
   144694080
   144745920
   144797760
   144849600
   144901440
   144953280
   145005120
   145056960
   145108800
   145160640
   145212480
   145264320
   145316160
   145368000
   145419840
   145471680
   145523520
   145575360
   145627200
   145679040
   145730880
   145782720
   145834560
   145886400
   145938240
   145990080
   146041920
   146093760
   146145600
   146197440
   146249280
   146301120
   146352960
   146404800
   146456640
   146508480
   146560320
   146612160
   146664000
   146715840
   146767680
   146819520
   146871360
   146923200
   146975040
   147026880
   147078720
   147130560
   147182400
   147234240
   147286080
   147337920
   147389760
   147441600
   147493440
   147545280
   147597120
   147648960
   147700800
   147752640
   147804480
   147856320
   147908160
   147960000
   148011840
   148063680
   148115520
   148167360
   148219200
   148271040
   148322880
   148374720
   148426560
   148478400
   148530240
   148582080
   148633920
   148685760
   148737600
   148789440
   148841280
   148893120
   148944960
   148996800
   149048640
   149100480
   149152320
   149204160
   149256000
   149307840
   149359680
   149411520
   149463360
   149515200
   149567040
   149618880
   149670720
   149722560
   149774400
   149826240
   149878080
   149929920
   149981760
   150033600
   150085440
   150137280
   150189120
   150240960
   150292800
   150344640
   150396480
   150448320
   150500160
   150552000
   150603840
   150655680
   150707520
   150759360
   150811200
   150863040
   150914880
   150966720
   151018560
   151070400
   151122240
   151174080
   151225920
   151277760
   151329600
   151381440
   151433280
   151485120
   151536960
   151588800
   151640640
   151692480
   151744320
   151796160
   151848000
   151899840
   151951680
   152003520
   152055360
   152107200
   152159040
   152210880
   152262720
   152314560
   152366400
   152418240
   152470080
   152521920
   152573760
   152625600
   152677440
   152729280
   152781120
   152832960
   152884800
   152936640
   152988480
   153040320
   153092160
   153144000
   153195840
   153247680
   153299520
   153351360
   153403200
   153455040
   153506880
   153558720
   153610560
   153662400
   153714240
   153766080
   153817920
   153869760
   153921600
   153973440
   154025280
   154077120
   154128960
   154180800
   154232640
   154284480
   154336320
   154388160
   154440000
   154491840
   154543680
   154595520
   154647360
   154699200
   154751040
   154802880
   154854720
   154906560
   154958400
   155010240
   155062080
   155113920
   155165760
   155217600
   155269440
   155321280
   155373120
   155424960
   155476800
   155528640
   155580480
   155632320
   155684160
   155736000
   155787840
   155839680
   155891520
   155943360
   155995200
   156047040
   156098880
   156150720
   156202560
   156254400
   156306240
   156358080
   156409920
   156461760
   156513600
   156565440
   156617280
   156669120
   156720960
   156772800
   156824640
   156876480
   156928320
   156980160
   157032000
   157083840
   157135680
   157187520
   157239360
   157291200
   157343040
   157394880
   157446720
   157498560
   157550400
   157602240
   157654080
   157705920
   157757760
   157809600
   157861440
   157913280
   157965120
   158016960
   158068800
   158120640
   158172480
   158224320
   158276160
   158328000
   158379840
   158431680
   158483520
   158535360
   158587200
   158639040
   158690880
   158742720
   158794560
   158846400
   158898240
   158950080
   159001920
   159053760
   159105600
   159157440
   159209280
   159261120
   159312960
   159364800
   159416640
   159468480
   159520320
   159572160
   159624000
   159675840
   159727680
   159779520
   159831360
   159883200
   159935040
   159986880
   160038720
   160090560
   160142400
   160194240
   160246080
   160297920
   160349760
   160401600
   160453440
   160505280
   160557120
   160608960
   160660800
   160712640
   160764480
   160816320
   160868160
   160920000
   160971840
   161023680
   161075520
   161127360
   161179200
   161231040
   161282880
   161334720
   161386560
   161438400
   161490240
   161542080
   161593920
   161645760
   161697600
   161749440
   161801280
   161853120
   161904960
   161956800
   162008640
   162060480
   162112320
   162164160
   162216000
   162267840
   162319680
   162371520
   162423360
   162475200
   162527040
   162578880
   162630720
   162682560
   162734400
   162786240
   162838080
   162889920
   162941760
   162993600
   163045440
   163097280
   163149120
   163200960
   163252800
   163304640
   163356480
   163408320
   163460160
   163512000
   163563840
   163615680
   163667520
   163719360
   163771200
   163823040
   163874880
   163926720
   163978560
   164030400
   164082240
   164134080
   164185920
   164237760
   164289600
   164341440
   164393280
   164445120
   164496960
   164548800
   164600640
   164652480
   164704320
   164756160
   164808000
   164859840
   164911680
   164963520
   165015360
   165067200
   165119040
   165170880
   165222720
   165274560
   165326400
   165378240
   165430080
   165481920
   165533760
   165585600
   165637440
   165689280
   165741120
   165792960
   165844800
   165896640
   165948480
   166000320
   166052160
   166104000
   166155840
   166207680
   166259520
   166311360
   166363200
   166415040
   166466880
   166518720
   166570560
   166622400
   166674240
   166726080
   166777920
   166829760
   166881600
   166933440
   166985280
   167037120
   167088960
   167140800
   167192640
   167244480
   167296320
   167348160
   167400000
   167451840
   167503680
   167555520
   167607360
   167659200
   167711040
   167762880
   167814720
   167866560
   167918400
   167970240
   168022080
   168073920
   168125760
   168177600
   168229440
   168281280
   168333120
   168384960
   168436800
   168488640
   168540480
   168592320
   168644160
   168696000
   168747840
   168799680
   168851520
   168903360
   168955200
   169007040
   169058880
   169110720
   169162560
   169214400
   169266240
   169318080
   169369920
   169421760
   169473600
   169525440
   169577280
   169629120
   169680960
   169732800
   169784640
   169836480
   169888320
   169940160
   169992000
   170043840
   170095680
   170147520
   170199360
   170251200
   170303040
   170354880
   170406720
   170458560
   170510400
   170562240
   170614080
   170665920
   170717760
   170769600
   170821440
   170873280
   170925120
   170976960
   171028800
   171080640
   171132480
   171184320
   171236160
   171288000
   171339840
   171391680
   171443520
   171495360
   171547200
   171599040
   171650880
   171702720
   171754560
   171806400
   171858240
   171910080
   171961920
   172013760
   172065600
   172117440
   172169280
   172221120
   172272960
   172324800
   172376640
   172428480
   172480320
   172532160
   172584000
   172635840
   172687680
   172739520
   172791360
   172843200
   172895040
   172946880
   172998720
   173050560
   173102400
   173154240
   173206080
   173257920
   173309760
   173361600
   173413440
   173465280
   173517120
   173568960
   173620800
   173672640
   173724480
   173776320
   173828160
   173880000
   173931840
   173983680
   174035520
   174087360
   174139200
   174191040
   174242880
   174294720
   174346560
   174398400
   174450240
   174502080
   174553920
   174605760
   174657600
   174709440
   174761280
   174813120
   174864960
   174916800
   174968640
   175020480
   175072320
   175124160
   175176000
   175227840
   175279680
   175331520
   175383360
   175435200
   175487040
   175538880
   175590720
   175642560
   175694400
   175746240
   175798080
   175849920
   175901760
   175953600
   176005440
   176057280
   176109120
   176160960
   176212800
   176264640
   176316480
   176368320
   176420160
   176472000
   176523840
   176575680
   176627520
   176679360
   176731200
   176783040
   176834880
   176886720
   176938560
   176990400
   177042240
   177094080
   177145920
   177197760
   177249600
   177301440
   177353280
   177405120
   177456960
   177508800
   177560640
   177612480
   177664320
   177716160
   177768000
   177819840
   177871680
   177923520
   177975360
   178027200
   178079040
   178130880
   178182720
   178234560
   178286400
   178338240
   178390080
   178441920
   178493760
   178545600
   178597440
   178649280
   178701120
   178752960
   178804800
   178856640
   178908480
   178960320
   179012160
   179064000
   179115840
   179167680
   179219520
   179271360
   179323200
   179375040
   179426880
   179478720
   179530560
   179582400
   179634240
   179686080
   179737920
   179789760
   179841600
   179893440
   179945280
   179997120
   180048960
   180100800
   180152640
   180204480
   180256320
   180308160
   180360000
   180411840
   180463680
   180515520
   180567360
   180619200
   180671040
   180722880
   180774720
   180826560
   180878400
   180930240
   180982080
   181033920
   181085760
   181137600
   181189440
   181241280
   181293120
   181344960
   181396800
   181448640
   181500480
   181552320
   181604160
   181656000
   181707840
   181759680
   181811520
   181863360
   181915200
   181967040
   182018880
   182070720
   182122560
   182174400
   182226240
   182278080
   182329920
   182381760
   182433600
   182485440
   182537280
   182589120
   182640960
   182692800
   182744640
   182796480
   182848320
   182900160
   182952000
   183003840
   183055680
   183107520
   183159360
   183211200
   183263040
   183314880
   183366720
   183418560
   183470400
   183522240
   183574080
   183625920
   183677760
   183729600
   183781440
   183833280
   183885120
   183936960
   183988800
   184040640
   184092480
   184144320
   184196160
   184248000
   184299840
   184351680
   184403520
   184455360
   184507200
   184559040
   184610880
   184662720
   184714560
   184766400
   184818240
   184870080
   184921920
   184973760
   185025600
   185077440
   185129280
   185181120
   185232960
   185284800
   185336640
   185388480
   185440320
   185492160
   185544000
   185595840
   185647680
   185699520
   185751360
   185803200
   185855040
   185906880
   185958720
   186010560
   186062400
   186114240
   186166080
   186217920
   186269760
   186321600
   186373440
   186425280
   186477120
   186528960
   186580800
   186632640
   186684480
   186736320
   186788160
   186840000
   186891840
   186943680
   186995520
   187047360
   187099200
   187151040
   187202880
   187254720
   187306560
   187358400
   187410240
   187462080
   187513920
   187565760
   187617600
   187669440
   187721280
   187773120
   187824960
   187876800
   187928640
   187980480
   188032320
   188084160
   188136000
   188187840
   188239680
   188291520
   188343360
   188395200
   188447040
   188498880
   188550720
   188602560
   188654400
   188706240
   188758080
   188809920
   188861760
   188913600
   188965440
   189017280
   189069120
   189120960
   189172800
   189224640
   189276480
   189328320
   189380160
   189432000
   189483840
   189535680
   189587520
   189639360
   189691200
   189743040
   189794880
   189846720
   189898560
   189950400
   190002240
   190054080
   190105920
   190157760
   190209600
   190261440
   190313280
   190365120
   190416960
   190468800
   190520640
   190572480
   190624320
   190676160
   190728000
   190779840
   190831680
   190883520
   190935360
   190987200
   191039040
   191090880
   191142720
   191194560
   191246400
   191298240
   191350080
   191401920
   191453760
   191505600
   191557440
   191609280
   191661120
   191712960
   191764800
   191816640
   191868480
   191920320
   191972160
   192024000
   192075840
   192127680
   192179520
   192231360
   192283200
   192335040
   192386880
   192438720
   192490560
   192542400
   192594240
   192646080
   192697920
   192749760
   192801600
   192853440
   192905280
   192957120
   193008960
   193060800
   193112640
   193164480
   193216320
   193268160
   193320000
   193371840
   193423680
   193475520
   193527360
   193579200
   193631040
   193682880
   193734720
   193786560
   193838400
   193890240
   193942080
   193993920
   194045760
   194097600
   194149440
   194201280
   194253120
   194304960
   194356800
   194408640
   194460480
   194512320
   194564160
   194616000
   194667840
   194719680
   194771520
   194823360
   194875200
   194927040
   194978880
   195030720
   195082560
   195134400
   195186240
   195238080
   195289920
   195341760
   195393600
   195445440
   195497280
   195549120
   195600960
   195652800
   195704640
   195756480
   195808320
   195860160
   195912000
   195963840
   196015680
   196067520
   196119360
   196171200
   196223040
   196274880
   196326720
   196378560
   196430400
   196482240
   196534080
   196585920
   196637760
   196689600
   196741440
   196793280
   196845120
   196896960
   196948800
   197000640
   197052480
   197104320
   197156160
   197208000
   197259840
   197311680
   197363520
   197415360
   197467200
   197519040
   197570880
   197622720
   197674560
   197726400
   197778240
   197830080
   197881920
   197933760
   197985600
   198037440
   198089280
   198141120
   198192960
   198244800
   198296640
   198348480
   198400320
   198452160
   198504000
   198555840
   198607680
   198659520
   198711360
   198763200
   198815040
   198866880
   198918720
   198970560
   199022400
   199074240
   199126080
   199177920
   199229760
   199281600
   199333440
   199385280
   199437120
   199488960
   199540800
   199592640
   199644480
   199696320
   199748160
   199800000
   199851840
   199903680
   199955520
   200007360
   200059200
   200111040
   200162880
   200214720
   200266560
   200318400
   200370240
   200422080
   200473920
   200525760
   200577600
   200629440
   200681280
   200733120
   200784960
   200836800
   200888640
   200940480
   200992320
   201044160
   201096000
   201147840
   201199680
   201251520
   201303360
   201355200
   201407040
   201458880
   201510720
   201562560
   201614400
   201666240
   201718080
   201769920
   201821760
   201873600
   201925440
   201977280
   202029120
   202080960
   202132800
   202184640
   202236480
   202288320
   202340160
   202392000
   202443840
   202495680
   202547520
   202599360
   202651200
   202703040
   202754880
   202806720
   202858560
   202910400
   202962240
   203014080
   203065920
   203117760
   203169600
   203221440
   203273280
   203325120
   203376960
   203428800
   203480640
   203532480
   203584320
   203636160
   203688000
   203739840
   203791680
   203843520
   203895360
   203947200
   203999040
   204050880
   204102720
   204154560
   204206400
   204258240
   204310080
   204361920
   204413760
   204465600
   204517440
   204569280
   204621120
   204672960
   204724800
   204776640
   204828480
   204880320
   204932160
   204984000
   205035840
   205087680
   205139520
   205191360
   205243200
   205295040
   205346880
   205398720
   205450560
   205502400
   205554240
   205606080
   205657920
   205709760
   205761600
   205813440
   205865280
   205917120
   205968960
   206020800
   206072640
   206124480
   206176320
   206228160
   206280000
   206331840
   206383680
   206435520
   206487360
   206539200
   206591040
   206642880
   206694720
   206746560
   206798400
   206850240
   206902080
   206953920
   207005760
   207057600
   207109440
   207161280
   207213120
   207264960
   207316800
   207368640
   207420480
   207472320
   207524160
   207576000
   207627840
   207679680
   207731520
   207783360
   207835200
   207887040
   207938880
   207990720
   208042560
   208094400
   208146240
   208198080
   208249920
   208301760
   208353600
   208405440
   208457280
   208509120
   208560960
   208612800
   208664640
   208716480
   208768320
   208820160
   208872000
   208923840
   208975680
   209027520
   209079360
   209131200
   209183040
   209234880
   209286720
   209338560
   209390400
   209442240
   209494080
   209545920
   209597760
   209649600
   209701440
   209753280
   209805120
   209856960
   209908800
   209960640
   210012480
   210064320
   210116160
   210168000
   210219840
   210271680
   210323520
   210375360
   210427200
   210479040
   210530880
   210582720
   210634560
   210686400
   210738240
   210790080
   210841920
   210893760
   210945600
   210997440
   211049280
   211101120
   211152960
   211204800
   211256640
   211308480
   211360320
   211412160
   211464000
   211515840
   211567680
   211619520
   211671360
   211723200
   211775040
   211826880
   211878720
   211930560
   211982400
   212034240
   212086080
   212137920
   212189760
   212241600
   212293440
   212345280
   212397120
   212448960
   212500800
   212552640
   212604480
   212656320
   212708160
   212760000
   212811840
   212863680
   212915520
   212967360
   213019200
   213071040
   213122880
   213174720
   213226560
   213278400
   213330240
   213382080
   213433920
   213485760
   213537600
   213589440
   213641280
   213693120
   213744960
   213796800
   213848640
   213900480
   213952320
   214004160
   214056000
   214107840
   214159680
   214211520
   214263360
   214315200
   214367040
   214418880
   214470720
   214522560
   214574400
   214626240
   214678080
   214729920
   214781760
   214833600
   214885440
   214937280
   214989120
   215040960
   215092800
   215144640
   215196480
   215248320
   215300160
   215352000
   215403840
   215455680
   215507520
   215559360
   215611200
   215663040
   215714880
   215766720
   215818560
   215870400
   215922240
   215974080
   216025920
   216077760
   216129600
   216181440
   216233280
   216285120
   216336960
   216388800
   216440640
   216492480
   216544320
   216596160
   216648000
   216699840
   216751680
   216803520
   216855360
   216907200
   216959040
   217010880
   217062720
   217114560
   217166400
   217218240
   217270080
   217321920
   217373760
   217425600
   217477440
   217529280
   217581120
   217632960
   217684800
   217736640
   217788480
   217840320
   217892160
   217944000
   217995840
   218047680
   218099520
   218151360
   218203200
   218255040
   218306880
   218358720
   218410560
   218462400
   218514240
   218566080
   218617920
   218669760
   218721600
   218773440
   218825280
   218877120
   218928960
   218980800
   219032640
   219084480
   219136320
   219188160
   219240000
   219291840
   219343680
   219395520
   219447360
   219499200
   219551040
   219602880
   219654720
   219706560
   219758400
   219810240
   219862080
   219913920
   219965760
   220017600
   220069440
   220121280
   220173120
   220224960
   220276800
   220328640
   220380480
   220432320
   220484160
   220536000
   220587840
   220639680
   220691520
   220743360
   220795200
   220847040
   220898880
   220950720
   221002560
   221054400
   221106240
   221158080
   221209920
   221261760
   221313600
   221365440
   221417280
   221469120
   221520960
   221572800
   221624640
   221676480
   221728320
   221780160
   221832000
   221883840
   221935680
   221987520
   222039360
   222091200
   222143040
   222194880
   222246720
   222298560
   222350400
   222402240
   222454080
   222505920
   222557760
   222609600
   222661440
   222713280
   222765120
   222816960
   222868800
   222920640
   222972480
   223024320
   223076160
   223128000
   223179840
   223231680
   223283520
   223335360
   223387200
   223439040
   223490880
   223542720
   223594560
   223646400
   223698240
   223750080
   223801920
   223853760
   223905600
   223957440
   224009280
   224061120
   224112960
   224164800
   224216640
   224268480
   224320320
   224372160
   224424000
   224475840
   224527680
   224579520
   224631360
   224683200
   224735040
   224786880
   224838720
   224890560
   224942400
   224994240
   225046080
   225097920
   225149760
   225201600
   225253440
   225305280
   225357120
   225408960
   225460800
   225512640
   225564480
   225616320
   225668160
   225720000
   225771840
   225823680
   225875520
   225927360
   225979200
   226031040
   226082880
   226134720
   226186560
   226238400
   226290240
   226342080
   226393920
   226445760
   226497600
   226549440
   226601280
   226653120
   226704960
   226756800
   226808640
   226860480
   226912320
   226964160
   227016000
   227067840
   227119680
   227171520
   227223360
   227275200
   227327040
   227378880
   227430720
   227482560
   227534400
   227586240
   227638080
   227689920
   227741760
   227793600
   227845440
   227897280
   227949120
   228000960
   228052800
   228104640
   228156480
   228208320
   228260160
   228312000
   228363840
   228415680
   228467520
   228519360
   228571200
   228623040
   228674880
   228726720
   228778560
   228830400
   228882240
   228934080
   228985920
   229037760
   229089600
   229141440
   229193280
   229245120
   229296960
   229348800
   229400640
   229452480
   229504320
   229556160
   229608000
   229659840
   229711680
   229763520
   229815360
   229867200
   229919040
   229970880
   230022720
   230074560
   230126400
   230178240
   230230080
   230281920
   230333760
   230385600
   230437440
   230489280
   230541120
   230592960
   230644800
   230696640
   230748480
   230800320
   230852160
   230904000
   230955840
   231007680
   231059520
   231111360
   231163200
   231215040
   231266880
   231318720
   231370560
   231422400
   231474240
   231526080
   231577920
   231629760
   231681600
   231733440
   231785280
   231837120
   231888960
   231940800
   231992640
   232044480
   232096320
   232148160
   232200000
   232251840
   232303680
   232355520
   232407360
   232459200
   232511040
   232562880
   232614720
   232666560
   232718400
   232770240
   232822080
   232873920
   232925760
   232977600
   233029440
   233081280
   233133120
   233184960
   233236800
   233288640
   233340480
   233392320
   233444160
   233496000
   233547840
   233599680
   233651520
   233703360
   233755200
   233807040
   233858880
   233910720
   233962560
   234014400
   234066240
   234118080
   234169920
   234221760
   234273600
   234325440
   234377280
   234429120
   234480960
   234532800
   234584640
   234636480
   234688320
   234740160
   234792000
   234843840
   234895680
   234947520
   234999360
   235051200
   235103040
   235154880
   235206720
   235258560
   235310400
   235362240
   235414080
   235465920
   235517760
   235569600
   235621440
   235673280
   235725120
   235776960
   235828800
   235880640
   235932480
   235984320
   236036160
   236088000
   236139840
   236191680
   236243520
   236295360
   236347200
   236399040
   236450880
   236502720
   236554560
   236606400
   236658240
   236710080
   236761920
   236813760
   236865600
   236917440
   236969280
   237021120
   237072960
   237124800
   237176640
   237228480
   237280320
   237332160
   237384000
   237435840
   237487680
   237539520
   237591360
   237643200
   237695040
   237746880
   237798720
   237850560
   237902400
   237954240
   238006080
   238057920
   238109760
   238161600
   238213440
   238265280
   238317120
   238368960
   238420800
   238472640
   238524480
   238576320
   238628160
   238680000
   238731840
   238783680
   238835520
   238887360
   238939200
   238991040
   239042880
   239094720
   239146560
   239198400
   239250240
   239302080
   239353920
   239405760
   239457600
   239509440
   239561280
   239613120
   239664960
   239716800
   239768640
   239820480
   239872320
   239924160
   239976000
   240027840
   240079680
   240131520
   240183360
   240235200
   240287040
   240338880
   240390720
   240442560
   240494400
   240546240
   240598080
   240649920
   240701760
   240753600
   240805440
   240857280
   240909120
   240960960
   241012800
   241064640
   241116480
   241168320
   241220160
   241272000
   241323840
   241375680
   241427520
   241479360
   241531200
   241583040
   241634880
   241686720
   241738560
   241790400
   241842240
   241894080
   241945920
   241997760
   242049600
   242101440
   242153280
   242205120
   242256960
   242308800
   242360640
   242412480
   242464320
   242516160
   242568000
   242619840
   242671680
   242723520
   242775360
   242827200
   242879040
   242930880
   242982720
   243034560
   243086400
   243138240
   243190080
   243241920
   243293760
   243345600
   243397440
   243449280
   243501120
   243552960
   243604800
   243656640
   243708480
   243760320
   243812160
   243864000
   243915840
   243967680
   244019520
   244071360
   244123200
   244175040
   244226880
   244278720
   244330560
   244382400
   244434240
   244486080
   244537920
   244589760
   244641600
   244693440
   244745280
   244797120
   244848960
   244900800
   244952640
   245004480
   245056320
   245108160
   245160000
   245211840
   245263680
   245315520
   245367360
   245419200
   245471040
   245522880
   245574720
   245626560
   245678400
   245730240
   245782080
   245833920
   245885760
   245937600
   245989440
   246041280
   246093120
   246144960
   246196800
   246248640
   246300480
   246352320
   246404160
   246456000
   246507840
   246559680
   246611520
   246663360
   246715200
   246767040
   246818880
   246870720
   246922560
   246974400
   247026240
   247078080
   247129920
   247181760
   247233600
   247285440
   247337280
   247389120
   247440960
   247492800
   247544640
   247596480
   247648320
   247700160
   247752000
   247803840
   247855680
   247907520
   247959360
   248011200
   248063040
   248114880
   248166720
   248218560
   248270400
   248322240
   248374080
   248425920
   248477760
   248529600
   248581440
   248633280
   248685120
   248736960
   248788800
   248840640
   248892480
   248944320
   248996160
   249048000
   249099840
   249151680
   249203520
   249255360
   249307200
   249359040
   249410880
   249462720
   249514560
   249566400
   249618240
   249670080
   249721920
   249773760
   249825600
   249877440
   249929280
   249981120
   250032960
   250084800
   250136640
   250188480
   250240320
   250292160
   250344000
   250395840
   250447680
   250499520
   250551360
   250603200
   250655040
   250706880
   250758720
   250810560
   250862400
   250914240
   250966080
   251017920
   251069760
   251121600
   251173440
   251225280
   251277120
   251328960
   251380800
   251432640
   251484480
   251536320
   251588160
   251640000
   251691840
   251743680
   251795520
   251847360
   251899200
   251951040
   252002880
   252054720
   252106560
   252158400
   252210240
   252262080
   252313920
   252365760
   252417600
   252469440
   252521280
   252573120
   252624960
   252676800
   252728640
   252780480
   252832320
   252884160
   252936000
   252987840
   253039680
   253091520
   253143360
   253195200
   253247040
   253298880
   253350720
   253402560
   253454400
   253506240
   253558080
   253609920
   253661760
   253713600
   253765440
   253817280
   253869120
   253920960
   253972800
   254024640
   254076480
   254128320
   254180160
   254232000
   254283840
   254335680
   254387520
   254439360
   254491200
   254543040
   254594880
   254646720
   254698560
   254750400
   254802240
   254854080
   254905920
   254957760
   255009600
   255061440
   255113280
   255165120
   255216960
   255268800
   255320640
   255372480
   255424320
   255476160
   255528000
   255579840
   255631680
   255683520
   255735360
   255787200
   255839040
   255890880
   255942720
   255994560
   256046400
   256098240
   256150080
   256201920
   256253760
   256305600
   256357440
   256409280
   256461120
   256512960
   256564800
   256616640
   256668480
   256720320
   256772160
   256824000
   256875840
   256927680
   256979520
   257031360
   257083200
   257135040
   257186880
   257238720
   257290560
   257342400
   257394240
   257446080
   257497920
   257549760
   257601600
   257653440
   257705280
   257757120
   257808960
   257860800
   257912640
   257964480
   258016320
   258068160
   258120000
   258171840
   258223680
   258275520
   258327360
   258379200
   258431040
   258482880
   258534720
   258586560
   258638400
   258690240
   258742080
   258793920
   258845760
   258897600
   258949440
   259001280
   259053120
   259104960
   259156800
   259208640
   259260480
   259312320
   259364160
   259416000
   259467840
   259519680
   259571520
   259623360
   259675200
   259727040
   259778880
   259830720
   259882560
   259934400
   259986240
   260038080
   260089920
   260141760
   260193600
   260245440
   260297280
   260349120
   260400960
   260452800
   260504640
   260556480
   260608320
   260660160
   260712000
   260763840
   260815680
   260867520
   260919360
   260971200
   261023040
   261074880
   261126720
   261178560
   261230400
   261282240
   261334080
   261385920
   261437760
   261489600
   261541440
   261593280
   261645120
   261696960
   261748800
   261800640
   261852480
   261904320
   261956160
   262008000
   262059840
   262111680
   262163520
   262215360
   262267200
   262319040
   262370880
   262422720
   262474560
   262526400
   262578240
   262630080
   262681920
   262733760
   262785600
   262837440
   262889280
   262941120
   262992960
   263044800
   263096640
   263148480
   263200320
   263252160
   263304000
   263355840
   263407680
   263459520
   263511360
   263563200
   263615040
   263666880
   263718720
   263770560
   263822400
   263874240
   263926080
   263977920
   264029760
   264081600
   264133440
   264185280
   264237120
   264288960
   264340800
   264392640
   264444480
   264496320
   264548160
   264600000
   264651840
   264703680
   264755520
   264807360
   264859200
   264911040
   264962880
   265014720
   265066560
   265118400
   265170240
   265222080
   265273920
   265325760
   265377600
   265429440
   265481280
   265533120
   265584960
   265636800
   265688640
   265740480
   265792320
   265844160
   265896000
   265947840
   265999680
   266051520
   266103360
   266155200
   266207040
   266258880
   266310720
   266362560
   266414400
   266466240
   266518080
   266569920
   266621760
   266673600
   266725440
   266777280
   266829120
   266880960
   266932800
   266984640
   267036480
   267088320
   267140160
   267192000
   267243840
   267295680
   267347520
   267399360
   267451200
   267503040
   267554880
   267606720
   267658560
   267710400
   267762240
   267814080
   267865920
   267917760
   267969600
   268021440
   268073280
   268125120
   268176960
   268228800
   268280640
   268332480
   268384320
   268436160
   268488000
   268539840
   268591680
   268643520
   268695360
   268747200
   268799040
   268850880
   268902720
   268954560
   269006400
   269058240
   269110080
   269161920
   269213760
   269265600
   269317440
   269369280
   269421120
   269472960
   269524800
   269576640
   269628480
   269680320
   269732160
   269784000
   269835840
   269887680
   269939520
   269991360
   270043200
   270095040
   270146880
   270198720
   270250560
   270302400
   270354240
   270406080
   270457920
   270509760
   270561600
   270613440
   270665280
   270717120
   270768960
   270820800
   270872640
   270924480
   270976320
   271028160
   271080000
   271131840
   271183680
   271235520
   271287360
   271339200
   271391040
   271442880
   271494720
   271546560
   271598400
   271650240
   271702080
   271753920
   271805760
   271857600
   271909440
   271961280
   272013120
   272064960
   272116800
   272168640
   272220480
   272272320
   272324160
   272376000
   272427840
   272479680
   272531520
   272583360
   272635200
   272687040
   272738880
   272790720
   272842560
   272894400
   272946240
   272998080
   273049920
   273101760
   273153600
   273205440
   273257280
   273309120
   273360960
   273412800
   273464640
   273516480
   273568320
   273620160
   273672000
   273723840
   273775680
   273827520
   273879360
   273931200
   273983040
   274034880
   274086720
   274138560
   274190400
   274242240
   274294080
   274345920
   274397760
   274449600
   274501440
   274553280
   274605120
   274656960
   274708800
   274760640
   274812480
   274864320
   274916160
   274968000
   275019840
   275071680
   275123520
   275175360
   275227200
   275279040
   275330880
   275382720
   275434560
   275486400
   275538240
   275590080
   275641920
   275693760
   275745600
   275797440
   275849280
   275901120
   275952960
   276004800
   276056640
   276108480
   276160320
   276212160
   276264000
   276315840
   276367680
   276419520
   276471360
   276523200
   276575040
   276626880
   276678720
   276730560
   276782400
   276834240
   276886080
   276937920
   276989760
   277041600
   277093440
   277145280
   277197120
   277248960
   277300800
   277352640
   277404480
   277456320
   277508160
   277560000
   277611840
   277663680
   277715520
   277767360
   277819200
   277871040
   277922880
   277974720
   278026560
   278078400
   278130240
   278182080
   278233920
   278285760
   278337600
   278389440
   278441280
   278493120
   278544960
   278596800
   278648640
   278700480
   278752320
   278804160
   278856000
   278907840
   278959680
   279011520
   279063360
   279115200
   279167040
   279218880
   279270720
   279322560
   279374400
   279426240
   279478080
   279529920
   279581760
   279633600
   279685440
   279737280
   279789120
   279840960
   279892800
   279944640
   279996480
   280048320
   280100160
   280152000
   280203840
   280255680
   280307520
   280359360
   280411200
   280463040
   280514880
   280566720
   280618560
   280670400
   280722240
   280774080
   280825920
   280877760
   280929600
   280981440
   281033280
   281085120
   281136960
   281188800
   281240640
   281292480
   281344320
   281396160
   281448000
   281499840
   281551680
   281603520
   281655360
   281707200
   281759040
   281810880
   281862720
   281914560
   281966400
   282018240
   282070080
   282121920
   282173760
   282225600
   282277440
   282329280
   282381120
   282432960
   282484800
   282536640
   282588480
   282640320
   282692160
   282744000
   282795840
   282847680
   282899520
   282951360
   283003200
   283055040
   283106880
   283158720
   283210560
   283262400
   283314240
   283366080
   283417920
   283469760
   283521600
   283573440
   283625280
   283677120
   283728960
   283780800
   283832640
   283884480
   283936320
   283988160
   284040000
   284091840
   284143680
   284195520
   284247360
   284299200
   284351040
   284402880
   284454720
   284506560
   284558400
   284610240
   284662080
   284713920
   284765760
   284817600
   284869440
   284921280
   284973120
   285024960
   285076800
   285128640
   285180480
   285232320
   285284160
   285336000
   285387840
   285439680
   285491520
   285543360
   285595200
   285647040
   285698880
   285750720
   285802560
   285854400
   285906240
   285958080
   286009920
   286061760
   286113600
   286165440
   286217280
   286269120
   286320960
   286372800
   286424640
   286476480
   286528320
   286580160
   286632000
   286683840
   286735680
   286787520
   286839360
   286891200
   286943040
   286994880
   287046720
   287098560
   287150400
   287202240
   287254080
   287305920
   287357760
   287409600
   287461440
   287513280
   287565120
   287616960
   287668800
   287720640
   287772480
   287824320
   287876160
   287928000
   287979840
   288031680
   288083520
   288135360
   288187200
   288239040
   288290880
   288342720
   288394560
   288446400
   288498240
   288550080
   288601920
   288653760
   288705600
   288757440
   288809280
   288861120
   288912960
   288964800
   289016640
   289068480
   289120320
   289172160
   289224000
   289275840
   289327680
   289379520
   289431360
   289483200
   289535040
   289586880
   289638720
   289690560
   289742400
   289794240
   289846080
   289897920
   289949760
   290001600
   290053440
   290105280
   290157120
   290208960
   290260800
   290312640
   290364480
   290416320
   290468160
   290520000
   290571840
   290623680
   290675520
   290727360
   290779200
   290831040
   290882880
   290934720
   290986560
   291038400
   291090240
   291142080
   291193920
   291245760
   291297600
   291349440
   291401280
   291453120
   291504960
   291556800
   291608640
   291660480
   291712320
   291764160
   291816000
   291867840
   291919680
   291971520
   292023360
   292075200
   292127040
   292178880
   292230720
   292282560
   292334400
   292386240
   292438080
   292489920
   292541760
   292593600
   292645440
   292697280
   292749120
   292800960
   292852800
   292904640
   292956480
   293008320
   293060160
   293112000
   293163840
   293215680
   293267520
   293319360
   293371200
   293423040
   293474880
   293526720
   293578560
   293630400
   293682240
   293734080
   293785920
   293837760
   293889600
   293941440
   293993280
   294045120
   294096960
   294148800
   294200640
   294252480
   294304320
   294356160
   294408000
   294459840
   294511680
   294563520
   294615360
   294667200
   294719040
   294770880
   294822720
   294874560
   294926400
   294978240
   295030080
   295081920
   295133760
   295185600
   295237440
   295289280
   295341120
   295392960
   295444800
   295496640
   295548480
   295600320
   295652160
   295704000
   295755840
   295807680
   295859520
   295911360
   295963200
   296015040
   296066880
   296118720
   296170560
   296222400
   296274240
   296326080
   296377920
   296429760
   296481600
   296533440
   296585280
   296637120
   296688960
   296740800
   296792640
   296844480
   296896320
   296948160
   297000000
   297051840
   297103680
   297155520
   297207360
   297259200
   297311040
   297362880
   297414720
   297466560
   297518400
   297570240
   297622080
   297673920
   297725760
   297777600
   297829440
   297881280
   297933120
   297984960
   298036800
   298088640
   298140480
   298192320
   298244160
   298296000
   298347840
   298399680
   298451520
   298503360
   298555200
   298607040
   298658880
   298710720
   298762560
   298814400
   298866240
   298918080
   298969920
   299021760
   299073600
   299125440
   299177280
   299229120
   299280960
   299332800
   299384640
   299436480
   299488320
   299540160
   299592000
   299643840
   299695680
   299747520
   299799360
   299851200
   299903040
   299954880
   300006720
   300058560
   300110400
   300162240
   300214080
   300265920
   300317760
   300369600
   300421440
   300473280
   300525120
   300576960
   300628800
   300680640
   300732480
   300784320
   300836160
   300888000
   300939840
   300991680
   301043520
   301095360
   301147200
   301199040
   301250880
   301302720
   301354560
   301406400
   301458240
   301510080
   301561920
   301613760
   301665600
   301717440
   301769280
   301821120
   301872960
   301924800
   301976640
   302028480
   302080320
   302132160
   302184000
   302235840
   302287680
   302339520
   302391360
   302443200
   302495040
   302546880
   302598720
   302650560
   302702400
   302754240
   302806080
   302857920
   302909760
   302961600
   303013440
   303065280
   303117120
   303168960
   303220800
   303272640
   303324480
   303376320
   303428160
   303480000
   303531840
   303583680
   303635520
   303687360
   303739200
   303791040
   303842880
   303894720
   303946560
   303998400
   304050240
   304102080
   304153920
   304205760
   304257600
   304309440
   304361280
   304413120
   304464960
   304516800
   304568640
   304620480
   304672320
   304724160
   304776000
   304827840
   304879680
   304931520
   304983360
   305035200
   305087040
   305138880
   305190720
   305242560
   305294400
   305346240
   305398080
   305449920
   305501760
   305553600
   305605440
   305657280
   305709120
   305760960
   305812800
   305864640
   305916480
   305968320
   306020160
   306072000
   306123840
   306175680
   306227520
   306279360
   306331200
   306383040
   306434880
   306486720
   306538560
   306590400
   306642240
   306694080
   306745920
   306797760
   306849600
   306901440
   306953280
   307005120
   307056960
   307108800
   307160640
   307212480
   307264320
   307316160
   307368000
   307419840
   307471680
   307523520
   307575360
   307627200
   307679040
   307730880
   307782720
   307834560
   307886400
   307938240
   307990080
   308041920
   308093760
   308145600
   308197440
   308249280
   308301120
   308352960
   308404800
   308456640
   308508480
   308560320
   308612160
   308664000
   308715840
   308767680
   308819520
   308871360
   308923200
   308975040
   309026880
   309078720
   309130560
   309182400
   309234240
   309286080
   309337920
   309389760
   309441600
   309493440
   309545280
   309597120
   309648960
   309700800
   309752640
   309804480
   309856320
   309908160
   309960000
   310011840
   310063680
   310115520
   310167360
   310219200
   310271040
   310322880
   310374720
   310426560
   310478400
   310530240
   310582080
   310633920
   310685760
   310737600
   310789440
   310841280
   310893120
   310944960
   310996800
   311048640
   311100480
   311152320
   311204160
   311256000
   311307840
   311359680
   311411520
   311463360
   311515200
   311567040
   311618880
   311670720
   311722560
   311774400
   311826240
   311878080
   311929920
   311981760
   312033600
   312085440
   312137280
   312189120
   312240960
   312292800
   312344640
   312396480
   312448320
   312500160
   312552000
   312603840
   312655680
   312707520
   312759360
   312811200
   312863040
   312914880
   312966720
   313018560
   313070400
   313122240
   313174080
   313225920
   313277760
   313329600
   313381440
   313433280
   313485120
   313536960
   313588800
   313640640
   313692480
   313744320
   313796160
   313848000
   313899840
   313951680
   314003520
   314055360
   314107200
   314159040
   314210880
   314262720
   314314560
   314366400
   314418240
   314470080
   314521920
   314573760
   314625600
   314677440
   314729280
   314781120
   314832960
   314884800
   314936640
   314988480
   315040320
   315092160
   315144000
   315195840
   315247680
   315299520
   315351360
