 1.d3 1  2.16d6  dt_init  nadapt dt_max
 10000000  730   ntstep, nout
                   2160000
                   4320000
                   6480000
                   8640000
                  10800000
                  12960000
                  15120000
                  17280000
                  19440000
                  21600000
                  23760000
                  25920000
                  28080000
                  30240000
                  32400000
                  34560000
                  36720000
                  38880000
                  41040000
                  43200000
                  45360000
                  47520000
                  49680000
                  51840000
                  54000000
                  56160000
                  58320000
                  60480000
                  62640000
                  64800000
                  66960000
                  69120000
                  71280000
                  73440000
                  75600000
                  77760000
                  79920000
                  82080000
                  84240000
                  86400000
                  88560000
                  90720000
                  92880000
                  95040000
                  97200000
                  99360000
                 101520000
                 103680000
                 105840000
                 108000000
                 110160000
                 112320000
                 114480000
                 116640000
                 118800000
                 120960000
                 123120000
                 125280000
                 127440000
                 129600000
                 131760000
                 133920000
                 136080000
                 138240000
                 140400000
                 142560000
                 144720000
                 146880000
                 149040000
                 151200000
                 153360000
                 155520000
                 157680000
                 159840000
                 162000000
                 164160000
                 166320000
                 168480000
                 170640000
                 172800000
                 174960000
                 177120000
                 179280000
                 181440000
                 183600000
                 185760000
                 187920000
                 190080000
                 192240000
                 194400000
                 196560000
                 198720000
                 200880000
                 203040000
                 205200000
                 207360000
                 209520000
                 211680000
                 213840000
                 216000000
                 218160000
                 220320000
                 222480000
                 224640000
                 226800000
                 228960000
                 231120000
                 233280000
                 235440000
                 237600000
                 239760000
                 241920000
                 244080000
                 246240000
                 248400000
                 250560000
                 252720000
                 254880000
                 257040000
                 259200000
                 261360000
                 263520000
                 265680000
                 267840000
                 270000000
                 272160000
                 274320000
                 276480000
                 278640000
                 280800000
                 282960000
                 285120000
                 287280000
                 289440000
                 291600000
                 293760000
                 295920000
                 298080000
                 300240000
                 302400000
                 304560000
                 306720000
                 308880000
                 311040000
                 313200000
                 315360000
                 317520000
                 319680000
                 321840000
                 324000000
                 326160000
                 328320000
                 330480000
                 332640000
                 334800000
                 336960000
                 339120000
                 341280000
                 343440000
                 345600000
                 347760000
                 349920000
                 352080000
                 354240000
                 356400000
                 358560000
                 360720000
                 362880000
                 365040000
                 367200000
                 369360000
                 371520000
                 373680000
                 375840000
                 378000000
                 380160000
                 382320000
                 384480000
                 386640000
                 388800000
                 390960000
                 393120000
                 395280000
                 397440000
                 399600000
                 401760000
                 403920000
                 406080000
                 408240000
                 410400000
                 412560000
                 414720000
                 416880000
                 419040000
                 421200000
                 423360000
                 425520000
                 427680000
                 429840000
                 432000000
                 434160000
                 436320000
                 438480000
                 440640000
                 442800000
                 444960000
                 447120000
                 449280000
                 451440000
                 453600000
                 455760000
                 457920000
                 460080000
                 462240000
                 464400000
                 466560000
                 468720000
                 470880000
                 473040000
                 475200000
                 477360000
                 479520000
                 481680000
                 483840000
                 486000000
                 488160000
                 490320000
                 492480000
                 494640000
                 496800000
                 498960000
                 501120000
                 503280000
                 505440000
                 507600000
                 509760000
                 511920000
                 514080000
                 516240000
                 518400000
                 520560000
                 522720000
                 524880000
                 527040000
                 529200000
                 531360000
                 533520000
                 535680000
                 537840000
                 540000000
                 542160000
                 544320000
                 546480000
                 548640000
                 550800000
                 552960000
                 555120000
                 557280000
                 559440000
                 561600000
                 563760000
                 565920000
                 568080000
                 570240000
                 572400000
                 574560000
                 576720000
                 578880000
                 581040000
                 583200000
                 585360000
                 587520000
                 589680000
                 591840000
                 594000000
                 596160000
                 598320000
                 600480000
                 602640000
                 604800000
                 606960000
                 609120000
                 611280000
                 613440000
                 615600000
                 617760000
                 619920000
                 622080000
                 624240000
                 626400000
                 628560000
                 630720000
                 632880000
                 635040000
                 637200000
                 639360000
                 641520000
                 643680000
                 645840000
                 648000000
                 650160000
                 652320000
                 654480000
                 656640000
                 658800000
                 660960000
                 663120000
                 665280000
                 667440000
                 669600000
                 671760000
                 673920000
                 676080000
                 678240000
                 680400000
                 682560000
                 684720000
                 686880000
                 689040000
                 691200000
                 693360000
                 695520000
                 697680000
                 699840000
                 702000000
                 704160000
                 706320000
                 708480000
                 710640000
                 712800000
                 714960000
                 717120000
                 719280000
                 721440000
                 723600000
                 725760000
                 727920000
                 730080000
                 732240000
                 734400000
                 736560000
                 738720000
                 740880000
                 743040000
                 745200000
                 747360000
                 749520000
                 751680000
                 753840000
                 756000000
                 758160000
                 760320000
                 762480000
                 764640000
                 766800000
                 768960000
                 771120000
                 773280000
                 775440000
                 777600000
                 779760000
                 781920000
                 784080000
                 786240000
                 788400000
                 790560000
                 792720000
                 794880000
                 797040000
                 799200000
                 801360000
                 803520000
                 805680000
                 807840000
                 810000000
                 812160000
                 814320000
                 816480000
                 818640000
                 820800000
                 822960000
                 825120000
                 827280000
                 829440000
                 831600000
                 833760000
                 835920000
                 838080000
                 840240000
                 842400000
                 844560000
                 846720000
                 848880000
                 851040000
                 853200000
                 855360000
                 857520000
                 859680000
                 861840000
                 864000000
                 866160000
                 868320000
                 870480000
                 872640000
                 874800000
                 876960000
                 879120000
                 881280000
                 883440000
                 885600000
                 887760000
                 889920000
                 892080000
                 894240000
                 896400000
                 898560000
                 900720000
                 902880000
                 905040000
                 907200000
                 909360000
                 911520000
                 913680000
                 915840000
                 918000000
                 920160000
                 922320000
                 924480000
                 926640000
                 928800000
                 930960000
                 933120000
                 935280000
                 937440000
                 939600000
                 941760000
                 943920000
                 946080000
                 948240000
                 950400000
                 952560000
                 954720000
                 956880000
                 959040000
                 961200000
                 963360000
                 965520000
                 967680000
                 969840000
                 972000000
                 974160000
                 976320000
                 978480000
                 980640000
                 982800000
                 984960000
                 987120000
                 989280000
                 991440000
                 993600000
                 995760000
                 997920000
                1000080000
                1002240000
                1004400000
                1006560000
                1008720000
                1010880000
                1013040000
                1015200000
                1017360000
                1019520000
                1021680000
                1023840000
                1026000000
                1028160000
                1030320000
                1032480000
                1034640000
                1036800000
                1038960000
                1041120000
                1043280000
                1045440000
                1047600000
                1049760000
                1051920000
                1054080000
                1056240000
                1058400000
                1060560000
                1062720000
                1064880000
                1067040000
                1069200000
                1071360000
                1073520000
                1075680000
                1077840000
                1080000000
                1082160000
                1084320000
                1086480000
                1088640000
                1090800000
                1092960000
                1095120000
                1097280000
                1099440000
                1101600000
                1103760000
                1105920000
                1108080000
                1110240000
                1112400000
                1114560000
                1116720000
                1118880000
                1121040000
                1123200000
                1125360000
                1127520000
                1129680000
                1131840000
                1134000000
                1136160000
                1138320000
                1140480000
                1142640000
                1144800000
                1146960000
                1149120000
                1151280000
                1153440000
                1155600000
                1157760000
                1159920000
                1162080000
                1164240000
                1166400000
                1168560000
                1170720000
                1172880000
                1175040000
                1177200000
                1179360000
                1181520000
                1183680000
                1185840000
                1188000000
                1190160000
                1192320000
                1194480000
                1196640000
                1198800000
                1200960000
                1203120000
                1205280000
                1207440000
                1209600000
                1211760000
                1213920000
                1216080000
                1218240000
                1220400000
                1222560000
                1224720000
                1226880000
                1229040000
                1231200000
                1233360000
                1235520000
                1237680000
                1239840000
                1242000000
                1244160000
                1246320000
                1248480000
                1250640000
                1252800000
                1254960000
                1257120000
                1259280000
                1261440000
                1263600000
                1265760000
                1267920000
                1270080000
                1272240000
                1274400000
                1276560000
                1278720000
                1280880000
                1283040000
                1285200000
                1287360000
                1289520000
                1291680000
                1293840000
                1296000000
                1298160000
                1300320000
                1302480000
                1304640000
                1306800000
                1308960000
                1311120000
                1313280000
                1315440000
                1317600000
                1319760000
                1321920000
                1324080000
                1326240000
                1328400000
                1330560000
                1332720000
                1334880000
                1337040000
                1339200000
                1341360000
                1343520000
                1345680000
                1347840000
                1350000000
                1352160000
                1354320000
                1356480000
                1358640000
                1360800000
                1362960000
                1365120000
                1367280000
                1369440000
                1371600000
                1373760000
                1375920000
                1378080000
                1380240000
                1382400000
                1384560000
                1386720000
                1388880000
                1391040000
                1393200000
                1395360000
                1397520000
                1399680000
                1401840000
                1404000000
                1406160000
                1408320000
                1410480000
                1412640000
                1414800000
                1416960000
                1419120000
                1421280000
                1423440000
                1425600000
                1427760000
                1429920000
                1432080000
                1434240000
                1436400000
                1438560000
                1440720000
                1442880000
                1445040000
                1447200000
                1449360000
                1451520000
                1453680000
                1455840000
                1458000000
                1460160000
                1462320000
                1464480000
                1466640000
                1468800000
                1470960000
                1473120000
                1475280000
                1477440000
                1479600000
                1481760000
                1483920000
                1486080000
                1488240000
                1490400000
                1492560000
                1494720000
                1496880000
                1499040000
                1501200000
                1503360000
                1505520000
                1507680000
                1509840000
                1512000000
                1514160000
                1516320000
                1518480000
                1520640000
                1522800000
                1524960000
                1527120000
                1529280000
                1531440000
                1533600000
                1535760000
                1537920000
                1540080000
                1542240000
                1544400000
                1546560000
                1548720000
                1550880000
                1553040000
                1555200000
                1557360000
                1559520000
                1561680000
                1563840000
                1566000000
                1568160000
                1570320000
                1572480000
                1574640000
                1576800000
